-0.0433655 -0.0414734 -0.0350494 -0.0270081 -0.0174561 -0.0100861 -0.00453186 -0.00180054 -0.000457764 -9.15527e-05 0 0 0 0 0 0 0 0 0 0 0 0 0 0 0 0 0 0 0 0 0 0 0 0 0 0 0 0 0 0 0 0 0 0 0 0 0 0 0 0 0 0 0 0 0 0 0 0 0 0 0 0 0 0 0 0 0 0 0 0 0 0 0 0 0 0 0 0 0 0 0 0 0 0 0 0 0 0 0 0 0 0 0 0 0 0 0 0 0 0 
-0.0414734 -0.0394287 -0.0355072 -0.0277405 -0.02005 -0.0119019 -0.00653076 -0.00271606 -0.00106812 -0.000244141 -6.10352e-05 0 0 0 0 0 0 0 0 0 0 0 0 0 0 0 0 0 0 0 0 0 0 0 0 0 0 0 0 0 0 0 0 0 0 0 0 0 0 0 0 0 0 0 0 0 0 0 0 0 0 0 0 0 0 0 0 0 0 0 0 0 0 0 0 0 0 0 0 0 0 0 0 0 0 0 0 0 0 0 0 0 0 0 0 0 0 0 0 0 
-0.0350494 -0.0355072 -0.0331879 -0.0300293 -0.0233612 -0.0171356 -0.0103455 -0.00585938 -0.00253296 -0.00102234 -0.000244141 -6.10352e-05 0 0 0 0 0 0 0 0 0 0 0 0 0 0 0 0 0 0 0 0 0 0 0 0 0 0 0 0 0 0 0 0 0 0 0 0 0 0 0 0 0 0 0 0 0 0 0 0 0 0 0 0 0 0 0 0 0 0 0 0 0 0 0 0 0 0 0 0 0 0 0 0 0 0 0 0 0 0 0 0 0 0 0 0 0 0 0 0 
-0.0270081 -0.0277405 -0.0300293 -0.0294037 -0.02771 -0.0221252 -0.0165863 -0.0101776 -0.00582886 -0.00253296 -0.00102234 -0.000244141 -6.10352e-05 0 0 0 0 0 0 0 0 0 0 0 0 0 0 0 0 0 0 0 0 0 0 0 0 0 0 0 0 0 0 0 0 0 0 0 0 0 0 0 0 0 0 0 0 0 0 0 0 0 0 0 0 0 0 0 0 0 0 0 0 0 0 0 0 0 0 0 0 0 0 0 0 0 0 0 0 0 0 0 0 0 0 0 0 0 0 0 
-0.0174561 -0.02005 -0.0233612 -0.02771 -0.0283051 -0.0272522 -0.0219879 -0.0165558 -0.0101776 -0.00582886 -0.00253296 -0.00102234 -0.000244141 -6.10352e-05 0 0 0 0 0 0 0 0 0 0 0 0 0 0 0 0 0 0 0 0 0 0 0 0 0 0 0 0 0 0 0 0 0 0 0 0 0 0 0 0 0 0 0 0 0 0 0 0 0 0 0 0 0 0 0 0 0 0 0 0 0 0 0 0 0 0 0 0 0 0 0 0 0 0 0 0 0 0 0 0 0 0 0 0 0 0 
-0.0100861 -0.0119019 -0.0171356 -0.0221252 -0.0272522 -0.028183 -0.0272217 -0.0219879 -0.0165558 -0.0101776 -0.00582886 -0.00253296 -0.00102234 -0.000244141 -6.10352e-05 0 0 0 0 0 0 0 0 0 0 0 0 0 0 0 0 0 0 0 0 0 0 0 0 0 0 0 0 0 0 0 0 0 0 0 0 0 0 0 0 0 0 0 0 0 0 0 0 0 0 0 0 0 0 0 0 0 0 0 0 0 0 0 0 0 0 0 0 0 0 0 0 0 0 0 0 0 0 0 0 0 0 0 0 0 
-0.00453186 -0.00653076 -0.0103455 -0.0165863 -0.0219879 -0.0272217 -0.028183 -0.0272217 -0.0219879 -0.0165558 -0.0101776 -0.00582886 -0.00253296 -0.00102234 -0.000244141 -6.10352e-05 0 0 0 0 0 0 0 0 0 0 0 0 0 0 0 0 0 0 0 0 0 0 0 0 0 0 0 0 0 0 0 0 0 0 0 0 0 0 0 0 0 0 0 0 0 0 0 0 0 0 0 0 0 0 0 0 0 0 0 0 0 0 0 0 0 0 0 0 0 0 0 0 0 0 0 0 0 0 0 0 0 0 0 0 
-0.00180054 -0.00271606 -0.00585938 -0.0101776 -0.0165558 -0.0219879 -0.0272217 -0.028183 -0.0272217 -0.0219879 -0.0165558 -0.0101776 -0.00582886 -0.00253296 -0.00102234 -0.000244141 -6.10352e-05 0 0 0 0 0 0 0 0 0 0 0 0 0 0 0 0 0 0 0 0 0 0 0 0 0 0 0 0 0 0 0 0 0 0 0 0 0 0 0 0 0 0 0 0 0 0 0 0 0 0 0 0 0 0 0 0 0 0 0 0 0 0 0 0 0 0 0 0 0 0 0 0 0 0 0 0 0 0 0 0 0 0 0 
-0.000457764 -0.00106812 -0.00253296 -0.00582886 -0.0101776 -0.0165558 -0.0219879 -0.0272217 -0.028183 -0.0272217 -0.0219879 -0.0165558 -0.0101776 -0.00582886 -0.00253296 -0.00102234 -0.000244141 -6.10352e-05 0 0 0 0 0 0 0 0 0 0 0 0 0 0 0 0 0 0 0 0 0 0 0 0 0 0 0 0 0 0 0 0 0 0 0 0 0 0 0 0 0 0 0 0 0 0 0 0 0 0 0 0 0 0 0 0 0 0 0 0 0 0 0 0 0 0 0 0 0 0 0 0 0 0 0 0 0 0 0 0 0 0 
-9.15527e-05 -0.000244141 -0.00102234 -0.00253296 -0.00582886 -0.0101776 -0.0165558 -0.0219879 -0.0272217 -0.028183 -0.0272217 -0.0219879 -0.0165558 -0.0101776 -0.00582886 -0.00253296 -0.00102234 -0.000244141 -6.10352e-05 0 0 0 0 0 0 0 0 0 0 0 0 0 0 0 0 0 0 0 0 0 0 0 0 0 0 0 0 0 0 0 0 0 0 0 0 0 0 0 0 0 0 0 0 0 0 0 0 0 0 0 0 0 0 0 0 0 0 0 0 0 0 0 0 0 0 0 0 0 0 0 0 0 0 0 0 0 0 0 0 0 
0 -6.10352e-05 -0.000244141 -0.00102234 -0.00253296 -0.00582886 -0.0101776 -0.0165558 -0.0219879 -0.0272217 -0.028183 -0.0272217 -0.0219879 -0.0165558 -0.0101776 -0.00582886 -0.00253296 -0.00102234 -0.000244141 -6.10352e-05 0 0 0 0 0 0 0 0 0 0 0 0 0 0 0 0 0 0 0 0 0 0 0 0 0 0 0 0 0 0 0 0 0 0 0 0 0 0 0 0 0 0 0 0 0 0 0 0 0 0 0 0 0 0 0 0 0 0 0 0 0 0 0 0 0 0 0 0 0 0 0 0 0 0 0 0 0 0 0 0 
0 0 -6.10352e-05 -0.000244141 -0.00102234 -0.00253296 -0.00582886 -0.0101776 -0.0165558 -0.0219879 -0.0272217 -0.028183 -0.0272217 -0.0219879 -0.0165558 -0.0101776 -0.00582886 -0.00253296 -0.00102234 -0.000244141 -6.10352e-05 0 0 0 0 0 0 0 0 0 0 0 0 0 0 0 0 0 0 0 0 0 0 0 0 0 0 0 0 0 0 0 0 0 0 0 0 0 0 0 0 0 0 0 0 0 0 0 0 0 0 0 0 0 0 0 0 0 0 0 0 0 0 0 0 0 0 0 0 0 0 0 0 0 0 0 0 0 0 0 
0 0 0 -6.10352e-05 -0.000244141 -0.00102234 -0.00253296 -0.00582886 -0.0101776 -0.0165558 -0.0219879 -0.0272217 -0.028183 -0.0272217 -0.0219879 -0.0165558 -0.0101776 -0.00582886 -0.00253296 -0.00102234 -0.000244141 -6.10352e-05 0 0 0 0 0 0 0 0 0 0 0 0 0 0 0 0 0 0 0 0 0 0 0 0 0 0 0 0 0 0 0 0 0 0 0 0 0 0 0 0 0 0 0 0 0 0 0 0 0 0 0 0 0 0 0 0 0 0 0 0 0 0 0 0 0 0 0 0 0 0 0 0 0 0 0 0 0 0 
0 0 0 0 -6.10352e-05 -0.000244141 -0.00102234 -0.00253296 -0.00582886 -0.0101776 -0.0165558 -0.0219879 -0.0272217 -0.028183 -0.0272217 -0.0219879 -0.0165558 -0.0101776 -0.00582886 -0.00253296 -0.00102234 -0.000244141 -6.10352e-05 0 0 0 0 0 0 0 0 0 0 0 0 0 0 0 0 0 0 0 0 0 0 0 0 0 0 0 0 0 0 0 0 0 0 0 0 0 0 0 0 0 0 0 0 0 0 0 0 0 0 0 0 0 0 0 0 0 0 0 0 0 0 0 0 0 0 0 0 0 0 0 0 0 0 0 0 0 
0 0 0 0 0 -6.10352e-05 -0.000244141 -0.00102234 -0.00253296 -0.00582886 -0.0101776 -0.0165558 -0.0219879 -0.0272217 -0.028183 -0.0272217 -0.0219879 -0.0165558 -0.0101776 -0.00582886 -0.00253296 -0.00102234 -0.000244141 -6.10352e-05 0 0 0 0 0 0 0 0 0 0 0 0 0 0 0 0 0 0 0 0 0 0 0 0 0 0 0 0 0 0 0 0 0 0 0 0 0 0 0 0 0 0 0 0 0 0 0 0 0 0 0 0 0 0 0 0 0 0 0 0 0 0 0 0 0 0 0 0 0 0 0 0 0 0 0 0 
0 0 0 0 0 0 -6.10352e-05 -0.000244141 -0.00102234 -0.00253296 -0.00582886 -0.0101776 -0.0165558 -0.0219879 -0.0272217 -0.028183 -0.0272217 -0.0219879 -0.0165558 -0.0101776 -0.00582886 -0.00253296 -0.00102234 -0.000244141 -6.10352e-05 0 0 0 0 0 0 0 0 0 0 0 0 0 0 0 0 0 0 0 0 0 0 0 0 0 0 0 0 0 0 0 0 0 0 0 0 0 0 0 0 0 0 0 0 0 0 0 0 0 0 0 0 0 0 0 0 0 0 0 0 0 0 0 0 0 0 0 0 0 0 0 0 0 0 0 
0 0 0 0 0 0 0 -6.10352e-05 -0.000244141 -0.00102234 -0.00253296 -0.00582886 -0.0101776 -0.0165558 -0.0219879 -0.0272217 -0.028183 -0.0272217 -0.0219879 -0.0165558 -0.0101776 -0.00582886 -0.00253296 -0.00102234 -0.000244141 -6.10352e-05 0 0 0 0 0 0 0 0 0 0 0 0 0 0 0 0 0 0 0 0 0 0 0 0 0 0 0 0 0 0 0 0 0 0 0 0 0 0 0 0 0 0 0 0 0 0 0 0 0 0 0 0 0 0 0 0 0 0 0 0 0 0 0 0 0 0 0 0 0 0 0 0 0 0 
0 0 0 0 0 0 0 0 -6.10352e-05 -0.000244141 -0.00102234 -0.00253296 -0.00582886 -0.0101776 -0.0165558 -0.0219879 -0.0272217 -0.028183 -0.0272217 -0.0219879 -0.0165558 -0.0101776 -0.00582886 -0.00253296 -0.00102234 -0.000244141 -6.10352e-05 0 0 0 0 0 0 0 0 0 0 0 0 0 0 0 0 0 0 0 0 0 0 0 0 0 0 0 0 0 0 0 0 0 0 0 0 0 0 0 0 0 0 0 0 0 0 0 0 0 0 0 0 0 0 0 0 0 0 0 0 0 0 0 0 0 0 0 0 0 0 0 0 0 
0 0 0 0 0 0 0 0 0 -6.10352e-05 -0.000244141 -0.00102234 -0.00253296 -0.00582886 -0.0101776 -0.0165558 -0.0219879 -0.0272217 -0.028183 -0.0272217 -0.0219879 -0.0165558 -0.0101776 -0.00582886 -0.00253296 -0.00102234 -0.000244141 -6.10352e-05 0 0 0 0 0 0 0 0 0 0 0 0 0 0 0 0 0 0 0 0 0 0 0 0 0 0 0 0 0 0 0 0 0 0 0 0 0 0 0 0 0 0 0 0 0 0 0 0 0 0 0 0 0 0 0 0 0 0 0 0 0 0 0 0 0 0 0 0 0 0 0 0 
0 0 0 0 0 0 0 0 0 0 -6.10352e-05 -0.000244141 -0.00102234 -0.00253296 -0.00582886 -0.0101776 -0.0165558 -0.0219879 -0.0272217 -0.028183 -0.0272217 -0.0219879 -0.0165558 -0.0101776 -0.00582886 -0.00253296 -0.00102234 -0.000244141 -6.10352e-05 0 0 0 0 0 0 0 0 0 0 0 0 0 0 0 0 0 0 0 0 0 0 0 0 0 0 0 0 0 0 0 0 0 0 0 0 0 0 0 0 0 0 0 0 0 0 0 0 0 0 0 0 0 0 0 0 0 0 0 0 0 0 0 0 0 0 0 0 0 0 0 
0 0 0 0 0 0 0 0 0 0 0 -6.10352e-05 -0.000244141 -0.00102234 -0.00253296 -0.00582886 -0.0101776 -0.0165558 -0.0219879 -0.0272217 -0.028183 -0.0272217 -0.0219879 -0.0165558 -0.0101776 -0.00582886 -0.00253296 -0.00102234 -0.000244141 -6.10352e-05 0 0 0 0 0 0 0 0 0 0 0 0 0 0 0 0 0 0 0 0 0 0 0 0 0 0 0 0 0 0 0 0 0 0 0 0 0 0 0 0 0 0 0 0 0 0 0 0 0 0 0 0 0 0 0 0 0 0 0 0 0 0 0 0 0 0 0 0 0 0 
0 0 0 0 0 0 0 0 0 0 0 0 -6.10352e-05 -0.000244141 -0.00102234 -0.00253296 -0.00582886 -0.0101776 -0.0165558 -0.0219879 -0.0272217 -0.028183 -0.0272217 -0.0219879 -0.0165558 -0.0101776 -0.00582886 -0.00253296 -0.00102234 -0.000244141 -6.10352e-05 0 0 0 0 0 0 0 0 0 0 0 0 0 0 0 0 0 0 0 0 0 0 0 0 0 0 0 0 0 0 0 0 0 0 0 0 0 0 0 0 0 0 0 0 0 0 0 0 0 0 0 0 0 0 0 0 0 0 0 0 0 0 0 0 0 0 0 0 0 
0 0 0 0 0 0 0 0 0 0 0 0 0 -6.10352e-05 -0.000244141 -0.00102234 -0.00253296 -0.00582886 -0.0101776 -0.0165558 -0.0219879 -0.0272217 -0.028183 -0.0272217 -0.0219879 -0.0165558 -0.0101776 -0.00582886 -0.00253296 -0.00102234 -0.000244141 -6.10352e-05 0 0 0 0 0 0 0 0 0 0 0 0 0 0 0 0 0 0 0 0 0 0 0 0 0 0 0 0 0 0 0 0 0 0 0 0 0 0 0 0 0 0 0 0 0 0 0 0 0 0 0 0 0 0 0 0 0 0 0 0 0 0 0 0 0 0 0 0 
0 0 0 0 0 0 0 0 0 0 0 0 0 0 -6.10352e-05 -0.000244141 -0.00102234 -0.00253296 -0.00582886 -0.0101776 -0.0165558 -0.0219879 -0.0272217 -0.028183 -0.0272217 -0.0219879 -0.0165558 -0.0101776 -0.00582886 -0.00253296 -0.00102234 -0.000244141 -6.10352e-05 0 0 0 0 0 0 0 0 0 0 0 0 0 0 0 0 0 0 0 0 0 0 0 0 0 0 0 0 0 0 0 0 0 0 0 0 0 0 0 0 0 0 0 0 0 0 0 0 0 0 0 0 0 0 0 0 0 0 0 0 0 0 0 0 0 0 0 
0 0 0 0 0 0 0 0 0 0 0 0 0 0 0 -6.10352e-05 -0.000244141 -0.00102234 -0.00253296 -0.00582886 -0.0101776 -0.0165558 -0.0219879 -0.0272217 -0.028183 -0.0272217 -0.0219879 -0.0165558 -0.0101776 -0.00582886 -0.00253296 -0.00102234 -0.000244141 -6.10352e-05 0 0 0 0 0 0 0 0 0 0 0 0 0 0 0 0 0 0 0 0 0 0 0 0 0 0 0 0 0 0 0 0 0 0 0 0 0 0 0 0 0 0 0 0 0 0 0 0 0 0 0 0 0 0 0 0 0 0 0 0 0 0 0 0 0 0 
0 0 0 0 0 0 0 0 0 0 0 0 0 0 0 0 -6.10352e-05 -0.000244141 -0.00102234 -0.00253296 -0.00582886 -0.0101776 -0.0165558 -0.0219879 -0.0272217 -0.028183 -0.0272217 -0.0219879 -0.0165558 -0.0101776 -0.00582886 -0.00253296 -0.00102234 -0.000244141 -6.10352e-05 0 0 0 0 0 0 0 0 0 0 0 0 0 0 0 0 0 0 0 0 0 0 0 0 0 0 0 0 0 0 0 0 0 0 0 0 0 0 0 0 0 0 0 0 0 0 0 0 0 0 0 0 0 0 0 0 0 0 0 0 0 0 0 0 0 
0 0 0 0 0 0 0 0 0 0 0 0 0 0 0 0 0 -6.10352e-05 -0.000244141 -0.00102234 -0.00253296 -0.00582886 -0.0101776 -0.0165558 -0.0219879 -0.0272217 -0.028183 -0.0272217 -0.0219879 -0.0165558 -0.0101776 -0.00582886 -0.00253296 -0.00102234 -0.000244141 -6.10352e-05 0 0 0 0 0 0 0 0 0 0 0 0 0 0 0 0 0 0 0 0 0 0 0 0 0 0 0 0 0 0 0 0 0 0 0 0 0 0 0 0 0 0 0 0 0 0 0 0 0 0 0 0 0 0 0 0 0 0 0 0 0 0 0 0 
0 0 0 0 0 0 0 0 0 0 0 0 0 0 0 0 0 0 -6.10352e-05 -0.000244141 -0.00102234 -0.00253296 -0.00582886 -0.0101776 -0.0165558 -0.0219879 -0.0272217 -0.028183 -0.0272217 -0.0219879 -0.0165558 -0.0101776 -0.00582886 -0.00253296 -0.00102234 -0.000244141 -6.10352e-05 0 0 0 0 0 0 0 0 0 0 0 0 0 0 0 0 0 0 0 0 0 0 0 0 0 0 0 0 0 0 0 0 0 0 0 0 0 0 0 0 0 0 0 0 0 0 0 0 0 0 0 0 0 0 0 0 0 0 0 0 0 0 0 
0 0 0 0 0 0 0 0 0 0 0 0 0 0 0 0 0 0 0 -6.10352e-05 -0.000244141 -0.00102234 -0.00253296 -0.00582886 -0.0101776 -0.0165558 -0.0219879 -0.0272217 -0.028183 -0.0272217 -0.0219879 -0.0165558 -0.0101776 -0.00582886 -0.00253296 -0.00102234 -0.000244141 -6.10352e-05 0 0 0 0 0 0 0 0 0 0 0 0 0 0 0 0 0 0 0 0 0 0 0 0 0 0 0 0 0 0 0 0 0 0 0 0 0 0 0 0 0 0 0 0 0 0 0 0 0 0 0 0 0 0 0 0 0 0 0 0 0 0 
0 0 0 0 0 0 0 0 0 0 0 0 0 0 0 0 0 0 0 0 -6.10352e-05 -0.000244141 -0.00102234 -0.00253296 -0.00582886 -0.0101776 -0.0165558 -0.0219879 -0.0272217 -0.028183 -0.0272217 -0.0219879 -0.0165558 -0.0101776 -0.00582886 -0.00253296 -0.00102234 -0.000244141 -6.10352e-05 0 0 0 0 0 0 0 0 0 0 0 0 0 0 0 0 0 0 0 0 0 0 0 0 0 0 0 0 0 0 0 0 0 0 0 0 0 0 0 0 0 0 0 0 0 0 0 0 0 0 0 0 0 0 0 0 0 0 0 0 0 
0 0 0 0 0 0 0 0 0 0 0 0 0 0 0 0 0 0 0 0 0 -6.10352e-05 -0.000244141 -0.00102234 -0.00253296 -0.00582886 -0.0101776 -0.0165558 -0.0219879 -0.0272217 -0.028183 -0.0272217 -0.0219879 -0.0165558 -0.0101776 -0.00582886 -0.00253296 -0.00102234 -0.000244141 -6.10352e-05 0 0 0 0 0 0 0 0 0 0 0 0 0 0 0 0 0 0 0 0 0 0 0 0 0 0 0 0 0 0 0 0 0 0 0 0 0 0 0 0 0 0 0 0 0 0 0 0 0 0 0 0 0 0 0 0 0 0 0 0 
0 0 0 0 0 0 0 0 0 0 0 0 0 0 0 0 0 0 0 0 0 0 -6.10352e-05 -0.000244141 -0.00102234 -0.00253296 -0.00582886 -0.0101776 -0.0165558 -0.0219879 -0.0272217 -0.028183 -0.0272217 -0.0219879 -0.0165558 -0.0101776 -0.00582886 -0.00253296 -0.00102234 -0.000244141 -6.10352e-05 0 0 0 0 0 0 0 0 0 0 0 0 0 0 0 0 0 0 0 0 0 0 0 0 0 0 0 0 0 0 0 0 0 0 0 0 0 0 0 0 0 0 0 0 0 0 0 0 0 0 0 0 0 0 0 0 0 0 0 
0 0 0 0 0 0 0 0 0 0 0 0 0 0 0 0 0 0 0 0 0 0 0 -6.10352e-05 -0.000244141 -0.00102234 -0.00253296 -0.00582886 -0.0101776 -0.0165558 -0.0219879 -0.0272217 -0.028183 -0.0272217 -0.0219879 -0.0165558 -0.0101776 -0.00582886 -0.00253296 -0.00102234 -0.000244141 -6.10352e-05 0 0 0 0 0 0 0 0 0 0 0 0 0 0 0 0 0 0 0 0 0 0 0 0 0 0 0 0 0 0 0 0 0 0 0 0 0 0 0 0 0 0 0 0 0 0 0 0 0 0 0 0 0 0 0 0 0 0 
0 0 0 0 0 0 0 0 0 0 0 0 0 0 0 0 0 0 0 0 0 0 0 0 -6.10352e-05 -0.000244141 -0.00102234 -0.00253296 -0.00582886 -0.0101776 -0.0165558 -0.0219879 -0.0272217 -0.028183 -0.0272217 -0.0219879 -0.0165558 -0.0101776 -0.00582886 -0.00253296 -0.00102234 -0.000244141 -6.10352e-05 0 0 0 0 0 0 0 0 0 0 0 0 0 0 0 0 0 0 0 0 0 0 0 0 0 0 0 0 0 0 0 0 0 0 0 0 0 0 0 0 0 0 0 0 0 0 0 0 0 0 0 0 0 0 0 0 0 
0 0 0 0 0 0 0 0 0 0 0 0 0 0 0 0 0 0 0 0 0 0 0 0 0 -6.10352e-05 -0.000244141 -0.00102234 -0.00253296 -0.00582886 -0.0101776 -0.0165558 -0.0219879 -0.0272217 -0.028183 -0.0272217 -0.0219879 -0.0165558 -0.0101776 -0.00582886 -0.00253296 -0.00102234 -0.000244141 -6.10352e-05 0 0 0 0 0 0 0 0 0 0 0 0 0 0 0 0 0 0 0 0 0 0 0 0 0 0 0 0 0 0 0 0 0 0 0 0 0 0 0 0 0 0 0 0 0 0 0 0 0 0 0 0 0 0 0 0 
0 0 0 0 0 0 0 0 0 0 0 0 0 0 0 0 0 0 0 0 0 0 0 0 0 0 -6.10352e-05 -0.000244141 -0.00102234 -0.00253296 -0.00582886 -0.0101776 -0.0165558 -0.0219879 -0.0272217 -0.028183 -0.0272217 -0.0219879 -0.0165558 -0.0101776 -0.00582886 -0.00253296 -0.00102234 -0.000244141 -6.10352e-05 0 0 0 0 0 0 0 0 0 0 0 0 0 0 0 0 0 0 0 0 0 0 0 0 0 0 0 0 0 0 0 0 0 0 0 0 0 0 0 0 0 0 0 0 0 0 0 0 0 0 0 0 0 0 0 
0 0 0 0 0 0 0 0 0 0 0 0 0 0 0 0 0 0 0 0 0 0 0 0 0 0 0 -6.10352e-05 -0.000244141 -0.00102234 -0.00253296 -0.00582886 -0.0101776 -0.0165558 -0.0219879 -0.0272217 -0.028183 -0.0272217 -0.0219879 -0.0165558 -0.0101776 -0.00582886 -0.00253296 -0.00102234 -0.000244141 -6.10352e-05 0 0 0 0 0 0 0 0 0 0 0 0 0 0 0 0 0 0 0 0 0 0 0 0 0 0 0 0 0 0 0 0 0 0 0 0 0 0 0 0 0 0 0 0 0 0 0 0 0 0 0 0 0 0 
0 0 0 0 0 0 0 0 0 0 0 0 0 0 0 0 0 0 0 0 0 0 0 0 0 0 0 0 -6.10352e-05 -0.000244141 -0.00102234 -0.00253296 -0.00582886 -0.0101776 -0.0165558 -0.0219879 -0.0272217 -0.028183 -0.0272217 -0.0219879 -0.0165558 -0.0101776 -0.00582886 -0.00253296 -0.00102234 -0.000244141 -6.10352e-05 0 0 0 0 0 0 0 0 0 0 0 0 0 0 0 0 0 0 0 0 0 0 0 0 0 0 0 0 0 0 0 0 0 0 0 0 0 0 0 0 0 0 0 0 0 0 0 0 0 0 0 0 0 
0 0 0 0 0 0 0 0 0 0 0 0 0 0 0 0 0 0 0 0 0 0 0 0 0 0 0 0 0 -6.10352e-05 -0.000244141 -0.00102234 -0.00253296 -0.00582886 -0.0101776 -0.0165558 -0.0219879 -0.0272217 -0.028183 -0.0272217 -0.0219879 -0.0165558 -0.0101776 -0.00582886 -0.00253296 -0.00102234 -0.000244141 -6.10352e-05 0 0 0 0 0 0 0 0 0 0 0 0 0 0 0 0 0 0 0 0 0 0 0 0 0 0 0 0 0 0 0 0 0 0 0 0 0 0 0 0 0 0 0 0 0 0 0 0 0 0 0 0 
0 0 0 0 0 0 0 0 0 0 0 0 0 0 0 0 0 0 0 0 0 0 0 0 0 0 0 0 0 0 -6.10352e-05 -0.000244141 -0.00102234 -0.00253296 -0.00582886 -0.0101776 -0.0165558 -0.0219879 -0.0272217 -0.028183 -0.0272217 -0.0219879 -0.0165558 -0.0101776 -0.00582886 -0.00253296 -0.00102234 -0.000244141 -6.10352e-05 0 0 0 0 0 0 0 0 0 0 0 0 0 0 0 0 0 0 0 0 0 0 0 0 0 0 0 0 0 0 0 0 0 0 0 0 0 0 0 0 0 0 0 0 0 0 0 0 0 0 0 
0 0 0 0 0 0 0 0 0 0 0 0 0 0 0 0 0 0 0 0 0 0 0 0 0 0 0 0 0 0 0 -6.10352e-05 -0.000244141 -0.00102234 -0.00253296 -0.00582886 -0.0101776 -0.0165558 -0.0219879 -0.0272217 -0.028183 -0.0272217 -0.0219879 -0.0165558 -0.0101776 -0.00582886 -0.00253296 -0.00102234 -0.000244141 -6.10352e-05 0 0 0 0 0 0 0 0 0 0 0 0 0 0 0 0 0 0 0 0 0 0 0 0 0 0 0 0 0 0 0 0 0 0 0 0 0 0 0 0 0 0 0 0 0 0 0 0 0 0 
0 0 0 0 0 0 0 0 0 0 0 0 0 0 0 0 0 0 0 0 0 0 0 0 0 0 0 0 0 0 0 0 -6.10352e-05 -0.000244141 -0.00102234 -0.00253296 -0.00582886 -0.0101776 -0.0165558 -0.0219879 -0.0272217 -0.028183 -0.0272217 -0.0219879 -0.0165558 -0.0101776 -0.00582886 -0.00253296 -0.00102234 -0.000244141 -6.10352e-05 0 0 0 0 0 0 0 0 0 0 0 0 0 0 0 0 0 0 0 0 0 0 0 0 0 0 0 0 0 0 0 0 0 0 0 0 0 0 0 0 0 0 0 0 0 0 0 0 0 
0 0 0 0 0 0 0 0 0 0 0 0 0 0 0 0 0 0 0 0 0 0 0 0 0 0 0 0 0 0 0 0 0 -6.10352e-05 -0.000244141 -0.00102234 -0.00253296 -0.00582886 -0.0101776 -0.0165558 -0.0219879 -0.0272217 -0.028183 -0.0272217 -0.0219879 -0.0165558 -0.0101776 -0.00582886 -0.00253296 -0.00102234 -0.000244141 -6.10352e-05 0 0 0 0 0 0 0 0 0 0 0 0 0 0 0 0 0 0 0 0 0 0 0 0 0 0 0 0 0 0 0 0 0 0 0 0 0 0 0 0 0 0 0 0 0 0 0 0 
0 0 0 0 0 0 0 0 0 0 0 0 0 0 0 0 0 0 0 0 0 0 0 0 0 0 0 0 0 0 0 0 0 0 -6.10352e-05 -0.000244141 -0.00102234 -0.00253296 -0.00582886 -0.0101776 -0.0165558 -0.0219879 -0.0272217 -0.028183 -0.0272217 -0.0219879 -0.0165558 -0.0101776 -0.00582886 -0.00253296 -0.00102234 -0.000244141 -6.10352e-05 0 0 0 0 0 0 0 0 0 0 0 0 0 0 0 0 0 0 0 0 0 0 0 0 0 0 0 0 0 0 0 0 0 0 0 0 0 0 0 0 0 0 0 0 0 0 0 
0 0 0 0 0 0 0 0 0 0 0 0 0 0 0 0 0 0 0 0 0 0 0 0 0 0 0 0 0 0 0 0 0 0 0 -6.10352e-05 -0.000244141 -0.00102234 -0.00253296 -0.00582886 -0.0101776 -0.0165558 -0.0219879 -0.0272217 -0.028183 -0.0272217 -0.0219879 -0.0165558 -0.0101776 -0.00582886 -0.00253296 -0.00102234 -0.000244141 -6.10352e-05 0 0 0 0 0 0 0 0 0 0 0 0 0 0 0 0 0 0 0 0 0 0 0 0 0 0 0 0 0 0 0 0 0 0 0 0 0 0 0 0 0 0 0 0 0 0 
0 0 0 0 0 0 0 0 0 0 0 0 0 0 0 0 0 0 0 0 0 0 0 0 0 0 0 0 0 0 0 0 0 0 0 0 -6.10352e-05 -0.000244141 -0.00102234 -0.00253296 -0.00582886 -0.0101776 -0.0165558 -0.0219879 -0.0272217 -0.028183 -0.0272217 -0.0219879 -0.0165558 -0.0101776 -0.00582886 -0.00253296 -0.00102234 -0.000244141 -6.10352e-05 0 0 0 0 0 0 0 0 0 0 0 0 0 0 0 0 0 0 0 0 0 0 0 0 0 0 0 0 0 0 0 0 0 0 0 0 0 0 0 0 0 0 0 0 0 
0 0 0 0 0 0 0 0 0 0 0 0 0 0 0 0 0 0 0 0 0 0 0 0 0 0 0 0 0 0 0 0 0 0 0 0 0 -6.10352e-05 -0.000244141 -0.00102234 -0.00253296 -0.00582886 -0.0101776 -0.0165558 -0.0219879 -0.0272217 -0.028183 -0.0272217 -0.0219879 -0.0165558 -0.0101776 -0.00582886 -0.00253296 -0.00102234 -0.000244141 -6.10352e-05 0 0 0 0 0 0 0 0 0 0 0 0 0 0 0 0 0 0 0 0 0 0 0 0 0 0 0 0 0 0 0 0 0 0 0 0 0 0 0 0 0 0 0 0 
0 0 0 0 0 0 0 0 0 0 0 0 0 0 0 0 0 0 0 0 0 0 0 0 0 0 0 0 0 0 0 0 0 0 0 0 0 0 -6.10352e-05 -0.000244141 -0.00102234 -0.00253296 -0.00582886 -0.0101776 -0.0165558 -0.0219879 -0.0272217 -0.028183 -0.0272217 -0.0219879 -0.0165558 -0.0101776 -0.00582886 -0.00253296 -0.00102234 -0.000244141 -6.10352e-05 0 0 0 0 0 0 0 0 0 0 0 0 0 0 0 0 0 0 0 0 0 0 0 0 0 0 0 0 0 0 0 0 0 0 0 0 0 0 0 0 0 0 0 
0 0 0 0 0 0 0 0 0 0 0 0 0 0 0 0 0 0 0 0 0 0 0 0 0 0 0 0 0 0 0 0 0 0 0 0 0 0 0 -6.10352e-05 -0.000244141 -0.00102234 -0.00253296 -0.00582886 -0.0101776 -0.0165558 -0.0219879 -0.0272217 -0.028183 -0.0272217 -0.0219879 -0.0165558 -0.0101776 -0.00582886 -0.00253296 -0.00102234 -0.000244141 -6.10352e-05 0 0 0 0 0 0 0 0 0 0 0 0 0 0 0 0 0 0 0 0 0 0 0 0 0 0 0 0 0 0 0 0 0 0 0 0 0 0 0 0 0 0 
0 0 0 0 0 0 0 0 0 0 0 0 0 0 0 0 0 0 0 0 0 0 0 0 0 0 0 0 0 0 0 0 0 0 0 0 0 0 0 0 -6.10352e-05 -0.000244141 -0.00102234 -0.00253296 -0.00582886 -0.0101776 -0.0165558 -0.0219879 -0.0272217 -0.028183 -0.0272217 -0.0219879 -0.0165558 -0.0101776 -0.00582886 -0.00253296 -0.00102234 -0.000244141 -6.10352e-05 0 0 0 0 0 0 0 0 0 0 0 0 0 0 0 0 0 0 0 0 0 0 0 0 0 0 0 0 0 0 0 0 0 0 0 0 0 0 0 0 0 
0 0 0 0 0 0 0 0 0 0 0 0 0 0 0 0 0 0 0 0 0 0 0 0 0 0 0 0 0 0 0 0 0 0 0 0 0 0 0 0 0 -6.10352e-05 -0.000244141 -0.00102234 -0.00253296 -0.00582886 -0.0101776 -0.0165558 -0.0219879 -0.0272217 -0.028183 -0.0272217 -0.0219879 -0.0165558 -0.0101776 -0.00582886 -0.00253296 -0.00102234 -0.000244141 -6.10352e-05 0 0 0 0 0 0 0 0 0 0 0 0 0 0 0 0 0 0 0 0 0 0 0 0 0 0 0 0 0 0 0 0 0 0 0 0 0 0 0 0 
0 0 0 0 0 0 0 0 0 0 0 0 0 0 0 0 0 0 0 0 0 0 0 0 0 0 0 0 0 0 0 0 0 0 0 0 0 0 0 0 0 0 -6.10352e-05 -0.000244141 -0.00102234 -0.00253296 -0.00582886 -0.0101776 -0.0165558 -0.0219879 -0.0272217 -0.028183 -0.0272217 -0.0219879 -0.0165558 -0.0101776 -0.00582886 -0.00253296 -0.00102234 -0.000244141 -6.10352e-05 0 0 0 0 0 0 0 0 0 0 0 0 0 0 0 0 0 0 0 0 0 0 0 0 0 0 0 0 0 0 0 0 0 0 0 0 0 0 0 
0 0 0 0 0 0 0 0 0 0 0 0 0 0 0 0 0 0 0 0 0 0 0 0 0 0 0 0 0 0 0 0 0 0 0 0 0 0 0 0 0 0 0 -6.10352e-05 -0.000244141 -0.00102234 -0.00253296 -0.00582886 -0.0101776 -0.0165558 -0.0219879 -0.0272217 -0.028183 -0.0272217 -0.0219879 -0.0165558 -0.0101776 -0.00582886 -0.00253296 -0.00102234 -0.000244141 -6.10352e-05 0 0 0 0 0 0 0 0 0 0 0 0 0 0 0 0 0 0 0 0 0 0 0 0 0 0 0 0 0 0 0 0 0 0 0 0 0 0 
0 0 0 0 0 0 0 0 0 0 0 0 0 0 0 0 0 0 0 0 0 0 0 0 0 0 0 0 0 0 0 0 0 0 0 0 0 0 0 0 0 0 0 0 -6.10352e-05 -0.000244141 -0.00102234 -0.00253296 -0.00582886 -0.0101776 -0.0165558 -0.0219879 -0.0272217 -0.028183 -0.0272217 -0.0219879 -0.0165558 -0.0101776 -0.00582886 -0.00253296 -0.00102234 -0.000244141 -6.10352e-05 0 0 0 0 0 0 0 0 0 0 0 0 0 0 0 0 0 0 0 0 0 0 0 0 0 0 0 0 0 0 0 0 0 0 0 0 0 
0 0 0 0 0 0 0 0 0 0 0 0 0 0 0 0 0 0 0 0 0 0 0 0 0 0 0 0 0 0 0 0 0 0 0 0 0 0 0 0 0 0 0 0 0 -6.10352e-05 -0.000244141 -0.00102234 -0.00253296 -0.00582886 -0.0101776 -0.0165558 -0.0219879 -0.0272217 -0.028183 -0.0272217 -0.0219879 -0.0165558 -0.0101776 -0.00582886 -0.00253296 -0.00102234 -0.000244141 -6.10352e-05 0 0 0 0 0 0 0 0 0 0 0 0 0 0 0 0 0 0 0 0 0 0 0 0 0 0 0 0 0 0 0 0 0 0 0 0 
0 0 0 0 0 0 0 0 0 0 0 0 0 0 0 0 0 0 0 0 0 0 0 0 0 0 0 0 0 0 0 0 0 0 0 0 0 0 0 0 0 0 0 0 0 0 -6.10352e-05 -0.000244141 -0.00102234 -0.00253296 -0.00582886 -0.0101776 -0.0165558 -0.0219879 -0.0272217 -0.028183 -0.0272217 -0.0219879 -0.0165558 -0.0101776 -0.00582886 -0.00253296 -0.00102234 -0.000244141 -6.10352e-05 0 0 0 0 0 0 0 0 0 0 0 0 0 0 0 0 0 0 0 0 0 0 0 0 0 0 0 0 0 0 0 0 0 0 0 
0 0 0 0 0 0 0 0 0 0 0 0 0 0 0 0 0 0 0 0 0 0 0 0 0 0 0 0 0 0 0 0 0 0 0 0 0 0 0 0 0 0 0 0 0 0 0 -6.10352e-05 -0.000244141 -0.00102234 -0.00253296 -0.00582886 -0.0101776 -0.0165558 -0.0219879 -0.0272217 -0.028183 -0.0272217 -0.0219879 -0.0165558 -0.0101776 -0.00582886 -0.00253296 -0.00102234 -0.000244141 -6.10352e-05 0 0 0 0 0 0 0 0 0 0 0 0 0 0 0 0 0 0 0 0 0 0 0 0 0 0 0 0 0 0 0 0 0 0 
0 0 0 0 0 0 0 0 0 0 0 0 0 0 0 0 0 0 0 0 0 0 0 0 0 0 0 0 0 0 0 0 0 0 0 0 0 0 0 0 0 0 0 0 0 0 0 0 -6.10352e-05 -0.000244141 -0.00102234 -0.00253296 -0.00582886 -0.0101776 -0.0165558 -0.0219879 -0.0272217 -0.028183 -0.0272217 -0.0219879 -0.0165558 -0.0101776 -0.00582886 -0.00253296 -0.00102234 -0.000244141 -6.10352e-05 0 0 0 0 0 0 0 0 0 0 0 0 0 0 0 0 0 0 0 0 0 0 0 0 0 0 0 0 0 0 0 0 0 
0 0 0 0 0 0 0 0 0 0 0 0 0 0 0 0 0 0 0 0 0 0 0 0 0 0 0 0 0 0 0 0 0 0 0 0 0 0 0 0 0 0 0 0 0 0 0 0 0 -6.10352e-05 -0.000244141 -0.00102234 -0.00253296 -0.00582886 -0.0101776 -0.0165558 -0.0219879 -0.0272217 -0.028183 -0.0272217 -0.0219879 -0.0165558 -0.0101776 -0.00582886 -0.00253296 -0.00102234 -0.000244141 -6.10352e-05 0 0 0 0 0 0 0 0 0 0 0 0 0 0 0 0 0 0 0 0 0 0 0 0 0 0 0 0 0 0 0 0 
0 0 0 0 0 0 0 0 0 0 0 0 0 0 0 0 0 0 0 0 0 0 0 0 0 0 0 0 0 0 0 0 0 0 0 0 0 0 0 0 0 0 0 0 0 0 0 0 0 0 -6.10352e-05 -0.000244141 -0.00102234 -0.00253296 -0.00582886 -0.0101776 -0.0165558 -0.0219879 -0.0272217 -0.028183 -0.0272217 -0.0219879 -0.0165558 -0.0101776 -0.00582886 -0.00253296 -0.00102234 -0.000244141 -6.10352e-05 0 0 0 0 0 0 0 0 0 0 0 0 0 0 0 0 0 0 0 0 0 0 0 0 0 0 0 0 0 0 0 
0 0 0 0 0 0 0 0 0 0 0 0 0 0 0 0 0 0 0 0 0 0 0 0 0 0 0 0 0 0 0 0 0 0 0 0 0 0 0 0 0 0 0 0 0 0 0 0 0 0 0 -6.10352e-05 -0.000244141 -0.00102234 -0.00253296 -0.00582886 -0.0101776 -0.0165558 -0.0219879 -0.0272217 -0.028183 -0.0272217 -0.0219879 -0.0165558 -0.0101776 -0.00582886 -0.00253296 -0.00102234 -0.000244141 -6.10352e-05 0 0 0 0 0 0 0 0 0 0 0 0 0 0 0 0 0 0 0 0 0 0 0 0 0 0 0 0 0 0 
0 0 0 0 0 0 0 0 0 0 0 0 0 0 0 0 0 0 0 0 0 0 0 0 0 0 0 0 0 0 0 0 0 0 0 0 0 0 0 0 0 0 0 0 0 0 0 0 0 0 0 0 -6.10352e-05 -0.000244141 -0.00102234 -0.00253296 -0.00582886 -0.0101776 -0.0165558 -0.0219879 -0.0272217 -0.028183 -0.0272217 -0.0219879 -0.0165558 -0.0101776 -0.00582886 -0.00253296 -0.00102234 -0.000244141 -6.10352e-05 0 0 0 0 0 0 0 0 0 0 0 0 0 0 0 0 0 0 0 0 0 0 0 0 0 0 0 0 0 
0 0 0 0 0 0 0 0 0 0 0 0 0 0 0 0 0 0 0 0 0 0 0 0 0 0 0 0 0 0 0 0 0 0 0 0 0 0 0 0 0 0 0 0 0 0 0 0 0 0 0 0 0 -6.10352e-05 -0.000244141 -0.00102234 -0.00253296 -0.00582886 -0.0101776 -0.0165558 -0.0219879 -0.0272217 -0.028183 -0.0272217 -0.0219879 -0.0165558 -0.0101776 -0.00582886 -0.00253296 -0.00102234 -0.000244141 -6.10352e-05 0 0 0 0 0 0 0 0 0 0 0 0 0 0 0 0 0 0 0 0 0 0 0 0 0 0 0 0 
0 0 0 0 0 0 0 0 0 0 0 0 0 0 0 0 0 0 0 0 0 0 0 0 0 0 0 0 0 0 0 0 0 0 0 0 0 0 0 0 0 0 0 0 0 0 0 0 0 0 0 0 0 0 -6.10352e-05 -0.000244141 -0.00102234 -0.00253296 -0.00582886 -0.0101776 -0.0165558 -0.0219879 -0.0272217 -0.028183 -0.0272217 -0.0219879 -0.0165558 -0.0101776 -0.00582886 -0.00253296 -0.00102234 -0.000244141 -6.10352e-05 0 0 0 0 0 0 0 0 0 0 0 0 0 0 0 0 0 0 0 0 0 0 0 0 0 0 0 
0 0 0 0 0 0 0 0 0 0 0 0 0 0 0 0 0 0 0 0 0 0 0 0 0 0 0 0 0 0 0 0 0 0 0 0 0 0 0 0 0 0 0 0 0 0 0 0 0 0 0 0 0 0 0 -6.10352e-05 -0.000244141 -0.00102234 -0.00253296 -0.00582886 -0.0101776 -0.0165558 -0.0219879 -0.0272217 -0.028183 -0.0272217 -0.0219879 -0.0165558 -0.0101776 -0.00582886 -0.00253296 -0.00102234 -0.000244141 -6.10352e-05 0 0 0 0 0 0 0 0 0 0 0 0 0 0 0 0 0 0 0 0 0 0 0 0 0 0 
0 0 0 0 0 0 0 0 0 0 0 0 0 0 0 0 0 0 0 0 0 0 0 0 0 0 0 0 0 0 0 0 0 0 0 0 0 0 0 0 0 0 0 0 0 0 0 0 0 0 0 0 0 0 0 0 -6.10352e-05 -0.000244141 -0.00102234 -0.00253296 -0.00582886 -0.0101776 -0.0165558 -0.0219879 -0.0272217 -0.028183 -0.0272217 -0.0219879 -0.0165558 -0.0101776 -0.00582886 -0.00253296 -0.00102234 -0.000244141 -6.10352e-05 0 0 0 0 0 0 0 0 0 0 0 0 0 0 0 0 0 0 0 0 0 0 0 0 0 
0 0 0 0 0 0 0 0 0 0 0 0 0 0 0 0 0 0 0 0 0 0 0 0 0 0 0 0 0 0 0 0 0 0 0 0 0 0 0 0 0 0 0 0 0 0 0 0 0 0 0 0 0 0 0 0 0 -6.10352e-05 -0.000244141 -0.00102234 -0.00253296 -0.00582886 -0.0101776 -0.0165558 -0.0219879 -0.0272217 -0.028183 -0.0272217 -0.0219879 -0.0165558 -0.0101776 -0.00582886 -0.00253296 -0.00102234 -0.000244141 -6.10352e-05 0 0 0 0 0 0 0 0 0 0 0 0 0 0 0 0 0 0 0 0 0 0 0 0 
0 0 0 0 0 0 0 0 0 0 0 0 0 0 0 0 0 0 0 0 0 0 0 0 0 0 0 0 0 0 0 0 0 0 0 0 0 0 0 0 0 0 0 0 0 0 0 0 0 0 0 0 0 0 0 0 0 0 -6.10352e-05 -0.000244141 -0.00102234 -0.00253296 -0.00582886 -0.0101776 -0.0165558 -0.0219879 -0.0272217 -0.028183 -0.0272217 -0.0219879 -0.0165558 -0.0101776 -0.00582886 -0.00253296 -0.00102234 -0.000244141 -6.10352e-05 0 0 0 0 0 0 0 0 0 0 0 0 0 0 0 0 0 0 0 0 0 0 0 
0 0 0 0 0 0 0 0 0 0 0 0 0 0 0 0 0 0 0 0 0 0 0 0 0 0 0 0 0 0 0 0 0 0 0 0 0 0 0 0 0 0 0 0 0 0 0 0 0 0 0 0 0 0 0 0 0 0 0 -6.10352e-05 -0.000244141 -0.00102234 -0.00253296 -0.00582886 -0.0101776 -0.0165558 -0.0219879 -0.0272217 -0.028183 -0.0272217 -0.0219879 -0.0165558 -0.0101776 -0.00582886 -0.00253296 -0.00102234 -0.000244141 -6.10352e-05 0 0 0 0 0 0 0 0 0 0 0 0 0 0 0 0 0 0 0 0 0 0 
0 0 0 0 0 0 0 0 0 0 0 0 0 0 0 0 0 0 0 0 0 0 0 0 0 0 0 0 0 0 0 0 0 0 0 0 0 0 0 0 0 0 0 0 0 0 0 0 0 0 0 0 0 0 0 0 0 0 0 0 -6.10352e-05 -0.000244141 -0.00102234 -0.00253296 -0.00582886 -0.0101776 -0.0165558 -0.0219879 -0.0272217 -0.028183 -0.0272217 -0.0219879 -0.0165558 -0.0101776 -0.00582886 -0.00253296 -0.00102234 -0.000244141 -6.10352e-05 0 0 0 0 0 0 0 0 0 0 0 0 0 0 0 0 0 0 0 0 0 
0 0 0 0 0 0 0 0 0 0 0 0 0 0 0 0 0 0 0 0 0 0 0 0 0 0 0 0 0 0 0 0 0 0 0 0 0 0 0 0 0 0 0 0 0 0 0 0 0 0 0 0 0 0 0 0 0 0 0 0 0 -6.10352e-05 -0.000244141 -0.00102234 -0.00253296 -0.00582886 -0.0101776 -0.0165558 -0.0219879 -0.0272217 -0.028183 -0.0272217 -0.0219879 -0.0165558 -0.0101776 -0.00582886 -0.00253296 -0.00102234 -0.000244141 -6.10352e-05 0 0 0 0 0 0 0 0 0 0 0 0 0 0 0 0 0 0 0 0 
0 0 0 0 0 0 0 0 0 0 0 0 0 0 0 0 0 0 0 0 0 0 0 0 0 0 0 0 0 0 0 0 0 0 0 0 0 0 0 0 0 0 0 0 0 0 0 0 0 0 0 0 0 0 0 0 0 0 0 0 0 0 -6.10352e-05 -0.000244141 -0.00102234 -0.00253296 -0.00582886 -0.0101776 -0.0165558 -0.0219879 -0.0272217 -0.028183 -0.0272217 -0.0219879 -0.0165558 -0.0101776 -0.00582886 -0.00253296 -0.00102234 -0.000244141 -6.10352e-05 0 0 0 0 0 0 0 0 0 0 0 0 0 0 0 0 0 0 0 
0 0 0 0 0 0 0 0 0 0 0 0 0 0 0 0 0 0 0 0 0 0 0 0 0 0 0 0 0 0 0 0 0 0 0 0 0 0 0 0 0 0 0 0 0 0 0 0 0 0 0 0 0 0 0 0 0 0 0 0 0 0 0 -6.10352e-05 -0.000244141 -0.00102234 -0.00253296 -0.00582886 -0.0101776 -0.0165558 -0.0219879 -0.0272217 -0.028183 -0.0272217 -0.0219879 -0.0165558 -0.0101776 -0.00582886 -0.00253296 -0.00102234 -0.000244141 -6.10352e-05 0 0 0 0 0 0 0 0 0 0 0 0 0 0 0 0 0 0 
0 0 0 0 0 0 0 0 0 0 0 0 0 0 0 0 0 0 0 0 0 0 0 0 0 0 0 0 0 0 0 0 0 0 0 0 0 0 0 0 0 0 0 0 0 0 0 0 0 0 0 0 0 0 0 0 0 0 0 0 0 0 0 0 -6.10352e-05 -0.000244141 -0.00102234 -0.00253296 -0.00582886 -0.0101776 -0.0165558 -0.0219879 -0.0272217 -0.028183 -0.0272217 -0.0219879 -0.0165558 -0.0101776 -0.00582886 -0.00253296 -0.00102234 -0.000244141 -6.10352e-05 0 0 0 0 0 0 0 0 0 0 0 0 0 0 0 0 0 
0 0 0 0 0 0 0 0 0 0 0 0 0 0 0 0 0 0 0 0 0 0 0 0 0 0 0 0 0 0 0 0 0 0 0 0 0 0 0 0 0 0 0 0 0 0 0 0 0 0 0 0 0 0 0 0 0 0 0 0 0 0 0 0 0 -6.10352e-05 -0.000244141 -0.00102234 -0.00253296 -0.00582886 -0.0101776 -0.0165558 -0.0219879 -0.0272217 -0.028183 -0.0272217 -0.0219879 -0.0165558 -0.0101776 -0.00582886 -0.00253296 -0.00102234 -0.000244141 -6.10352e-05 0 0 0 0 0 0 0 0 0 0 0 0 0 0 0 0 
0 0 0 0 0 0 0 0 0 0 0 0 0 0 0 0 0 0 0 0 0 0 0 0 0 0 0 0 0 0 0 0 0 0 0 0 0 0 0 0 0 0 0 0 0 0 0 0 0 0 0 0 0 0 0 0 0 0 0 0 0 0 0 0 0 0 -6.10352e-05 -0.000244141 -0.00102234 -0.00253296 -0.00582886 -0.0101776 -0.0165558 -0.0219879 -0.0272217 -0.028183 -0.0272217 -0.0219879 -0.0165558 -0.0101776 -0.00582886 -0.00253296 -0.00102234 -0.000244141 -6.10352e-05 0 0 0 0 0 0 0 0 0 0 0 0 0 0 0 
0 0 0 0 0 0 0 0 0 0 0 0 0 0 0 0 0 0 0 0 0 0 0 0 0 0 0 0 0 0 0 0 0 0 0 0 0 0 0 0 0 0 0 0 0 0 0 0 0 0 0 0 0 0 0 0 0 0 0 0 0 0 0 0 0 0 0 -6.10352e-05 -0.000244141 -0.00102234 -0.00253296 -0.00582886 -0.0101776 -0.0165558 -0.0219879 -0.0272217 -0.028183 -0.0272217 -0.0219879 -0.0165558 -0.0101776 -0.00582886 -0.00253296 -0.00102234 -0.000244141 -6.10352e-05 0 0 0 0 0 0 0 0 0 0 0 0 0 0 
0 0 0 0 0 0 0 0 0 0 0 0 0 0 0 0 0 0 0 0 0 0 0 0 0 0 0 0 0 0 0 0 0 0 0 0 0 0 0 0 0 0 0 0 0 0 0 0 0 0 0 0 0 0 0 0 0 0 0 0 0 0 0 0 0 0 0 0 -6.10352e-05 -0.000244141 -0.00102234 -0.00253296 -0.00582886 -0.0101776 -0.0165558 -0.0219879 -0.0272217 -0.028183 -0.0272217 -0.0219879 -0.0165558 -0.0101776 -0.00582886 -0.00253296 -0.00102234 -0.000244141 -6.10352e-05 0 0 0 0 0 0 0 0 0 0 0 0 0 
0 0 0 0 0 0 0 0 0 0 0 0 0 0 0 0 0 0 0 0 0 0 0 0 0 0 0 0 0 0 0 0 0 0 0 0 0 0 0 0 0 0 0 0 0 0 0 0 0 0 0 0 0 0 0 0 0 0 0 0 0 0 0 0 0 0 0 0 0 -6.10352e-05 -0.000244141 -0.00102234 -0.00253296 -0.00582886 -0.0101776 -0.0165558 -0.0219879 -0.0272217 -0.028183 -0.0272217 -0.0219879 -0.0165558 -0.0101776 -0.00582886 -0.00253296 -0.00102234 -0.000244141 -6.10352e-05 0 0 0 0 0 0 0 0 0 0 0 0 
0 0 0 0 0 0 0 0 0 0 0 0 0 0 0 0 0 0 0 0 0 0 0 0 0 0 0 0 0 0 0 0 0 0 0 0 0 0 0 0 0 0 0 0 0 0 0 0 0 0 0 0 0 0 0 0 0 0 0 0 0 0 0 0 0 0 0 0 0 0 -6.10352e-05 -0.000244141 -0.00102234 -0.00253296 -0.00582886 -0.0101776 -0.0165558 -0.0219879 -0.0272217 -0.028183 -0.0272217 -0.0219879 -0.0165558 -0.0101776 -0.00582886 -0.00253296 -0.00102234 -0.000244141 -6.10352e-05 0 0 0 0 0 0 0 0 0 0 0 
0 0 0 0 0 0 0 0 0 0 0 0 0 0 0 0 0 0 0 0 0 0 0 0 0 0 0 0 0 0 0 0 0 0 0 0 0 0 0 0 0 0 0 0 0 0 0 0 0 0 0 0 0 0 0 0 0 0 0 0 0 0 0 0 0 0 0 0 0 0 0 -6.10352e-05 -0.000244141 -0.00102234 -0.00253296 -0.00582886 -0.0101776 -0.0165558 -0.0219879 -0.0272217 -0.028183 -0.0272217 -0.0219879 -0.0165558 -0.0101776 -0.00582886 -0.00253296 -0.00102234 -0.000244141 -6.10352e-05 0 0 0 0 0 0 0 0 0 0 
0 0 0 0 0 0 0 0 0 0 0 0 0 0 0 0 0 0 0 0 0 0 0 0 0 0 0 0 0 0 0 0 0 0 0 0 0 0 0 0 0 0 0 0 0 0 0 0 0 0 0 0 0 0 0 0 0 0 0 0 0 0 0 0 0 0 0 0 0 0 0 0 -6.10352e-05 -0.000244141 -0.00102234 -0.00253296 -0.00582886 -0.0101776 -0.0165558 -0.0219879 -0.0272217 -0.028183 -0.0272217 -0.0219879 -0.0165558 -0.0101776 -0.00582886 -0.00253296 -0.00102234 -0.000244141 -6.10352e-05 0 0 0 0 0 0 0 0 0 
0 0 0 0 0 0 0 0 0 0 0 0 0 0 0 0 0 0 0 0 0 0 0 0 0 0 0 0 0 0 0 0 0 0 0 0 0 0 0 0 0 0 0 0 0 0 0 0 0 0 0 0 0 0 0 0 0 0 0 0 0 0 0 0 0 0 0 0 0 0 0 0 0 -6.10352e-05 -0.000244141 -0.00102234 -0.00253296 -0.00582886 -0.0101776 -0.0165558 -0.0219879 -0.0272217 -0.028183 -0.0272217 -0.0219879 -0.0165558 -0.0101776 -0.00582886 -0.00253296 -0.00102234 -0.000244141 -6.10352e-05 0 0 0 0 0 0 0 0 
0 0 0 0 0 0 0 0 0 0 0 0 0 0 0 0 0 0 0 0 0 0 0 0 0 0 0 0 0 0 0 0 0 0 0 0 0 0 0 0 0 0 0 0 0 0 0 0 0 0 0 0 0 0 0 0 0 0 0 0 0 0 0 0 0 0 0 0 0 0 0 0 0 0 -6.10352e-05 -0.000244141 -0.00102234 -0.00253296 -0.00582886 -0.0101776 -0.0165558 -0.0219879 -0.0272217 -0.028183 -0.0272217 -0.0219879 -0.0165558 -0.0101776 -0.00582886 -0.00253296 -0.00102234 -0.000244141 -6.10352e-05 0 0 0 0 0 0 0 
0 0 0 0 0 0 0 0 0 0 0 0 0 0 0 0 0 0 0 0 0 0 0 0 0 0 0 0 0 0 0 0 0 0 0 0 0 0 0 0 0 0 0 0 0 0 0 0 0 0 0 0 0 0 0 0 0 0 0 0 0 0 0 0 0 0 0 0 0 0 0 0 0 0 0 -6.10352e-05 -0.000244141 -0.00102234 -0.00253296 -0.00582886 -0.0101776 -0.0165558 -0.0219879 -0.0272217 -0.028183 -0.0272217 -0.0219879 -0.0165558 -0.0101776 -0.00582886 -0.00253296 -0.00102234 -0.000244141 -6.10352e-05 0 0 0 0 0 0 
0 0 0 0 0 0 0 0 0 0 0 0 0 0 0 0 0 0 0 0 0 0 0 0 0 0 0 0 0 0 0 0 0 0 0 0 0 0 0 0 0 0 0 0 0 0 0 0 0 0 0 0 0 0 0 0 0 0 0 0 0 0 0 0 0 0 0 0 0 0 0 0 0 0 0 0 -6.10352e-05 -0.000244141 -0.00102234 -0.00253296 -0.00582886 -0.0101776 -0.0165558 -0.0219879 -0.0272217 -0.028183 -0.0272217 -0.0219879 -0.0165558 -0.0101776 -0.00582886 -0.00253296 -0.00102234 -0.000244141 -6.10352e-05 0 0 0 0 0 
0 0 0 0 0 0 0 0 0 0 0 0 0 0 0 0 0 0 0 0 0 0 0 0 0 0 0 0 0 0 0 0 0 0 0 0 0 0 0 0 0 0 0 0 0 0 0 0 0 0 0 0 0 0 0 0 0 0 0 0 0 0 0 0 0 0 0 0 0 0 0 0 0 0 0 0 0 -6.10352e-05 -0.000244141 -0.00102234 -0.00253296 -0.00582886 -0.0101776 -0.0165558 -0.0219879 -0.0272217 -0.028183 -0.0272217 -0.0219879 -0.0165558 -0.0101776 -0.00582886 -0.00253296 -0.00102234 -0.000244141 -6.10352e-05 0 0 0 0 
0 0 0 0 0 0 0 0 0 0 0 0 0 0 0 0 0 0 0 0 0 0 0 0 0 0 0 0 0 0 0 0 0 0 0 0 0 0 0 0 0 0 0 0 0 0 0 0 0 0 0 0 0 0 0 0 0 0 0 0 0 0 0 0 0 0 0 0 0 0 0 0 0 0 0 0 0 0 -6.10352e-05 -0.000244141 -0.00102234 -0.00253296 -0.00582886 -0.0101776 -0.0165558 -0.0219879 -0.0272217 -0.028183 -0.0272217 -0.0219879 -0.0165558 -0.0101776 -0.00582886 -0.00253296 -0.00102234 -0.000244141 -6.10352e-05 0 0 0 
0 0 0 0 0 0 0 0 0 0 0 0 0 0 0 0 0 0 0 0 0 0 0 0 0 0 0 0 0 0 0 0 0 0 0 0 0 0 0 0 0 0 0 0 0 0 0 0 0 0 0 0 0 0 0 0 0 0 0 0 0 0 0 0 0 0 0 0 0 0 0 0 0 0 0 0 0 0 0 -6.10352e-05 -0.000244141 -0.00102234 -0.00253296 -0.00582886 -0.0101776 -0.0165558 -0.0219879 -0.0272217 -0.028183 -0.0272217 -0.0219879 -0.0165558 -0.0101776 -0.00582886 -0.00253296 -0.00102234 -0.000244141 -6.10352e-05 0 0 
0 0 0 0 0 0 0 0 0 0 0 0 0 0 0 0 0 0 0 0 0 0 0 0 0 0 0 0 0 0 0 0 0 0 0 0 0 0 0 0 0 0 0 0 0 0 0 0 0 0 0 0 0 0 0 0 0 0 0 0 0 0 0 0 0 0 0 0 0 0 0 0 0 0 0 0 0 0 0 0 -6.10352e-05 -0.000244141 -0.00102234 -0.00253296 -0.00582886 -0.0101776 -0.0165558 -0.0219879 -0.0272217 -0.028183 -0.0272217 -0.0219879 -0.0165558 -0.0101776 -0.00582886 -0.00253296 -0.00102234 -0.000244141 -6.10352e-05 0 
0 0 0 0 0 0 0 0 0 0 0 0 0 0 0 0 0 0 0 0 0 0 0 0 0 0 0 0 0 0 0 0 0 0 0 0 0 0 0 0 0 0 0 0 0 0 0 0 0 0 0 0 0 0 0 0 0 0 0 0 0 0 0 0 0 0 0 0 0 0 0 0 0 0 0 0 0 0 0 0 0 -6.10352e-05 -0.000244141 -0.00102234 -0.00253296 -0.00582886 -0.0101776 -0.0165558 -0.0219879 -0.0272217 -0.028183 -0.0272217 -0.0219879 -0.0165558 -0.0101776 -0.00582886 -0.00253296 -0.00102234 -0.000244141 -9.15527e-05 
0 0 0 0 0 0 0 0 0 0 0 0 0 0 0 0 0 0 0 0 0 0 0 0 0 0 0 0 0 0 0 0 0 0 0 0 0 0 0 0 0 0 0 0 0 0 0 0 0 0 0 0 0 0 0 0 0 0 0 0 0 0 0 0 0 0 0 0 0 0 0 0 0 0 0 0 0 0 0 0 0 0 -6.10352e-05 -0.000244141 -0.00102234 -0.00253296 -0.00582886 -0.0101776 -0.0165558 -0.0219879 -0.0272217 -0.028183 -0.0272217 -0.0219879 -0.0165558 -0.0101776 -0.00582886 -0.00253296 -0.00106812 -0.000457764 
0 0 0 0 0 0 0 0 0 0 0 0 0 0 0 0 0 0 0 0 0 0 0 0 0 0 0 0 0 0 0 0 0 0 0 0 0 0 0 0 0 0 0 0 0 0 0 0 0 0 0 0 0 0 0 0 0 0 0 0 0 0 0 0 0 0 0 0 0 0 0 0 0 0 0 0 0 0 0 0 0 0 0 -6.10352e-05 -0.000244141 -0.00102234 -0.00253296 -0.00582886 -0.0101776 -0.0165558 -0.0219879 -0.0272217 -0.028183 -0.0272217 -0.0219879 -0.0165558 -0.0101776 -0.00585938 -0.00271606 -0.00180054 
0 0 0 0 0 0 0 0 0 0 0 0 0 0 0 0 0 0 0 0 0 0 0 0 0 0 0 0 0 0 0 0 0 0 0 0 0 0 0 0 0 0 0 0 0 0 0 0 0 0 0 0 0 0 0 0 0 0 0 0 0 0 0 0 0 0 0 0 0 0 0 0 0 0 0 0 0 0 0 0 0 0 0 0 -6.10352e-05 -0.000244141 -0.00102234 -0.00253296 -0.00582886 -0.0101776 -0.0165558 -0.0219879 -0.0272217 -0.028183 -0.0272217 -0.0219879 -0.0165863 -0.0103455 -0.00653076 -0.00453186 
0 0 0 0 0 0 0 0 0 0 0 0 0 0 0 0 0 0 0 0 0 0 0 0 0 0 0 0 0 0 0 0 0 0 0 0 0 0 0 0 0 0 0 0 0 0 0 0 0 0 0 0 0 0 0 0 0 0 0 0 0 0 0 0 0 0 0 0 0 0 0 0 0 0 0 0 0 0 0 0 0 0 0 0 0 -6.10352e-05 -0.000244141 -0.00102234 -0.00253296 -0.00582886 -0.0101776 -0.0165558 -0.0219879 -0.0272217 -0.028183 -0.0272522 -0.0221252 -0.0171356 -0.0119019 -0.0100861 
0 0 0 0 0 0 0 0 0 0 0 0 0 0 0 0 0 0 0 0 0 0 0 0 0 0 0 0 0 0 0 0 0 0 0 0 0 0 0 0 0 0 0 0 0 0 0 0 0 0 0 0 0 0 0 0 0 0 0 0 0 0 0 0 0 0 0 0 0 0 0 0 0 0 0 0 0 0 0 0 0 0 0 0 0 0 -6.10352e-05 -0.000244141 -0.00102234 -0.00253296 -0.00582886 -0.0101776 -0.0165558 -0.0219879 -0.0272522 -0.0283051 -0.02771 -0.0233612 -0.02005 -0.0174561 
0 0 0 0 0 0 0 0 0 0 0 0 0 0 0 0 0 0 0 0 0 0 0 0 0 0 0 0 0 0 0 0 0 0 0 0 0 0 0 0 0 0 0 0 0 0 0 0 0 0 0 0 0 0 0 0 0 0 0 0 0 0 0 0 0 0 0 0 0 0 0 0 0 0 0 0 0 0 0 0 0 0 0 0 0 0 0 -6.10352e-05 -0.000244141 -0.00102234 -0.00253296 -0.00582886 -0.0101776 -0.0165863 -0.0221252 -0.02771 -0.0294037 -0.0300293 -0.0277405 -0.0270081 
0 0 0 0 0 0 0 0 0 0 0 0 0 0 0 0 0 0 0 0 0 0 0 0 0 0 0 0 0 0 0 0 0 0 0 0 0 0 0 0 0 0 0 0 0 0 0 0 0 0 0 0 0 0 0 0 0 0 0 0 0 0 0 0 0 0 0 0 0 0 0 0 0 0 0 0 0 0 0 0 0 0 0 0 0 0 0 0 -6.10352e-05 -0.000244141 -0.00102234 -0.00253296 -0.00585938 -0.0103455 -0.0171356 -0.0233612 -0.0300293 -0.0331879 -0.0355072 -0.0350494 
0 0 0 0 0 0 0 0 0 0 0 0 0 0 0 0 0 0 0 0 0 0 0 0 0 0 0 0 0 0 0 0 0 0 0 0 0 0 0 0 0 0 0 0 0 0 0 0 0 0 0 0 0 0 0 0 0 0 0 0 0 0 0 0 0 0 0 0 0 0 0 0 0 0 0 0 0 0 0 0 0 0 0 0 0 0 0 0 0 -6.10352e-05 -0.000244141 -0.00106812 -0.00271606 -0.00653076 -0.0119019 -0.02005 -0.0277405 -0.0355072 -0.0394287 -0.0414734 
0 0 0 0 0 0 0 0 0 0 0 0 0 0 0 0 0 0 0 0 0 0 0 0 0 0 0 0 0 0 0 0 0 0 0 0 0 0 0 0 0 0 0 0 0 0 0 0 0 0 0 0 0 0 0 0 0 0 0 0 0 0 0 0 0 0 0 0 0 0 0 0 0 0 0 0 0 0 0 0 0 0 0 0 0 0 0 0 0 0 -9.15527e-05 -0.000457764 -0.00180054 -0.00453186 -0.0100861 -0.0174561 -0.0270081 -0.0350494 -0.0414734 -0.0433655 
