-0.042099 -0.0398254 -0.0347595 -0.0268097 -0.0186462 -0.0109863 -0.0057373 -0.00236511 -0.000854492 -0.000198364 -3.05176e-05 0 0 0 0 0 0 0 0 0 0 0 0 0 0 0 0 0 0 0 0 0 0 0 0 0 0 0 0 0 0 0 0 0 0 0 0 0 0 0 0 0 0 0 0 0 0 0 0 0 0 0 0 0 0 0 0 0 0 0 0 0 0 0 0 0 0 0 0 0 0 0 0 0 0 0 0 0 0 0 0 0 0 0 0 0 0 0 0 0 
-0.0398254 -0.0386658 -0.0341797 -0.0280609 -0.0200958 -0.0131378 -0.00720215 -0.00358582 -0.00140381 -0.000488281 -0.000106812 -1.52588e-05 0 0 0 0 0 0 0 0 0 0 0 0 0 0 0 0 0 0 0 0 0 0 0 0 0 0 0 0 0 0 0 0 0 0 0 0 0 0 0 0 0 0 0 0 0 0 0 0 0 0 0 0 0 0 0 0 0 0 0 0 0 0 0 0 0 0 0 0 0 0 0 0 0 0 0 0 0 0 0 0 0 0 0 0 0 0 0 0 
-0.0347595 -0.0341797 -0.0328522 -0.0287323 -0.0236511 -0.0169678 -0.0112915 -0.00631714 -0.00325012 -0.00131226 -0.000473022 -0.000106812 -1.52588e-05 0 0 0 0 0 0 0 0 0 0 0 0 0 0 0 0 0 0 0 0 0 0 0 0 0 0 0 0 0 0 0 0 0 0 0 0 0 0 0 0 0 0 0 0 0 0 0 0 0 0 0 0 0 0 0 0 0 0 0 0 0 0 0 0 0 0 0 0 0 0 0 0 0 0 0 0 0 0 0 0 0 0 0 0 0 0 0 
-0.0268097 -0.0280609 -0.0287323 -0.0289764 -0.0261688 -0.0221558 -0.0162354 -0.0110016 -0.00624084 -0.00323486 -0.00131226 -0.000473022 -0.000106812 -1.52588e-05 0 0 0 0 0 0 0 0 0 0 0 0 0 0 0 0 0 0 0 0 0 0 0 0 0 0 0 0 0 0 0 0 0 0 0 0 0 0 0 0 0 0 0 0 0 0 0 0 0 0 0 0 0 0 0 0 0 0 0 0 0 0 0 0 0 0 0 0 0 0 0 0 0 0 0 0 0 0 0 0 0 0 0 0 0 0 
-0.0186462 -0.0200958 -0.0236511 -0.0261688 -0.0276337 -0.0255585 -0.0219116 -0.0161743 -0.0109863 -0.00624084 -0.00323486 -0.00131226 -0.000473022 -0.000106812 -1.52588e-05 0 0 0 0 0 0 0 0 0 0 0 0 0 0 0 0 0 0 0 0 0 0 0 0 0 0 0 0 0 0 0 0 0 0 0 0 0 0 0 0 0 0 0 0 0 0 0 0 0 0 0 0 0 0 0 0 0 0 0 0 0 0 0 0 0 0 0 0 0 0 0 0 0 0 0 0 0 0 0 0 0 0 0 0 0 
-0.0109863 -0.0131378 -0.0169678 -0.0221558 -0.0255585 -0.02742 -0.0255127 -0.0218964 -0.0161743 -0.0109863 -0.00624084 -0.00323486 -0.00131226 -0.000473022 -0.000106812 -1.52588e-05 0 0 0 0 0 0 0 0 0 0 0 0 0 0 0 0 0 0 0 0 0 0 0 0 0 0 0 0 0 0 0 0 0 0 0 0 0 0 0 0 0 0 0 0 0 0 0 0 0 0 0 0 0 0 0 0 0 0 0 0 0 0 0 0 0 0 0 0 0 0 0 0 0 0 0 0 0 0 0 0 0 0 0 0 
-0.0057373 -0.00720215 -0.0112915 -0.0162354 -0.0219116 -0.0255127 -0.0274048 -0.0255127 -0.0218964 -0.0161743 -0.0109863 -0.00624084 -0.00323486 -0.00131226 -0.000473022 -0.000106812 -1.52588e-05 0 0 0 0 0 0 0 0 0 0 0 0 0 0 0 0 0 0 0 0 0 0 0 0 0 0 0 0 0 0 0 0 0 0 0 0 0 0 0 0 0 0 0 0 0 0 0 0 0 0 0 0 0 0 0 0 0 0 0 0 0 0 0 0 0 0 0 0 0 0 0 0 0 0 0 0 0 0 0 0 0 0 0 
-0.00236511 -0.00358582 -0.00631714 -0.0110016 -0.0161743 -0.0218964 -0.0255127 -0.0274048 -0.0255127 -0.0218964 -0.0161743 -0.0109863 -0.00624084 -0.00323486 -0.00131226 -0.000473022 -0.000106812 -1.52588e-05 0 0 0 0 0 0 0 0 0 0 0 0 0 0 0 0 0 0 0 0 0 0 0 0 0 0 0 0 0 0 0 0 0 0 0 0 0 0 0 0 0 0 0 0 0 0 0 0 0 0 0 0 0 0 0 0 0 0 0 0 0 0 0 0 0 0 0 0 0 0 0 0 0 0 0 0 0 0 0 0 0 0 
-0.000854492 -0.00140381 -0.00325012 -0.00624084 -0.0109863 -0.0161743 -0.0218964 -0.0255127 -0.0274048 -0.0255127 -0.0218964 -0.0161743 -0.0109863 -0.00624084 -0.00323486 -0.00131226 -0.000473022 -0.000106812 -1.52588e-05 0 0 0 0 0 0 0 0 0 0 0 0 0 0 0 0 0 0 0 0 0 0 0 0 0 0 0 0 0 0 0 0 0 0 0 0 0 0 0 0 0 0 0 0 0 0 0 0 0 0 0 0 0 0 0 0 0 0 0 0 0 0 0 0 0 0 0 0 0 0 0 0 0 0 0 0 0 0 0 0 0 
-0.000198364 -0.000488281 -0.00131226 -0.00323486 -0.00624084 -0.0109863 -0.0161743 -0.0218964 -0.0255127 -0.0274048 -0.0255127 -0.0218964 -0.0161743 -0.0109863 -0.00624084 -0.00323486 -0.00131226 -0.000473022 -0.000106812 -1.52588e-05 0 0 0 0 0 0 0 0 0 0 0 0 0 0 0 0 0 0 0 0 0 0 0 0 0 0 0 0 0 0 0 0 0 0 0 0 0 0 0 0 0 0 0 0 0 0 0 0 0 0 0 0 0 0 0 0 0 0 0 0 0 0 0 0 0 0 0 0 0 0 0 0 0 0 0 0 0 0 0 0 
-3.05176e-05 -0.000106812 -0.000473022 -0.00131226 -0.00323486 -0.00624084 -0.0109863 -0.0161743 -0.0218964 -0.0255127 -0.0274048 -0.0255127 -0.0218964 -0.0161743 -0.0109863 -0.00624084 -0.00323486 -0.00131226 -0.000473022 -0.000106812 -1.52588e-05 0 0 0 0 0 0 0 0 0 0 0 0 0 0 0 0 0 0 0 0 0 0 0 0 0 0 0 0 0 0 0 0 0 0 0 0 0 0 0 0 0 0 0 0 0 0 0 0 0 0 0 0 0 0 0 0 0 0 0 0 0 0 0 0 0 0 0 0 0 0 0 0 0 0 0 0 0 0 0 
0 -1.52588e-05 -0.000106812 -0.000473022 -0.00131226 -0.00323486 -0.00624084 -0.0109863 -0.0161743 -0.0218964 -0.0255127 -0.0274048 -0.0255127 -0.0218964 -0.0161743 -0.0109863 -0.00624084 -0.00323486 -0.00131226 -0.000473022 -0.000106812 -1.52588e-05 0 0 0 0 0 0 0 0 0 0 0 0 0 0 0 0 0 0 0 0 0 0 0 0 0 0 0 0 0 0 0 0 0 0 0 0 0 0 0 0 0 0 0 0 0 0 0 0 0 0 0 0 0 0 0 0 0 0 0 0 0 0 0 0 0 0 0 0 0 0 0 0 0 0 0 0 0 0 
0 0 -1.52588e-05 -0.000106812 -0.000473022 -0.00131226 -0.00323486 -0.00624084 -0.0109863 -0.0161743 -0.0218964 -0.0255127 -0.0274048 -0.0255127 -0.0218964 -0.0161743 -0.0109863 -0.00624084 -0.00323486 -0.00131226 -0.000473022 -0.000106812 -1.52588e-05 0 0 0 0 0 0 0 0 0 0 0 0 0 0 0 0 0 0 0 0 0 0 0 0 0 0 0 0 0 0 0 0 0 0 0 0 0 0 0 0 0 0 0 0 0 0 0 0 0 0 0 0 0 0 0 0 0 0 0 0 0 0 0 0 0 0 0 0 0 0 0 0 0 0 0 0 0 
0 0 0 -1.52588e-05 -0.000106812 -0.000473022 -0.00131226 -0.00323486 -0.00624084 -0.0109863 -0.0161743 -0.0218964 -0.0255127 -0.0274048 -0.0255127 -0.0218964 -0.0161743 -0.0109863 -0.00624084 -0.00323486 -0.00131226 -0.000473022 -0.000106812 -1.52588e-05 0 0 0 0 0 0 0 0 0 0 0 0 0 0 0 0 0 0 0 0 0 0 0 0 0 0 0 0 0 0 0 0 0 0 0 0 0 0 0 0 0 0 0 0 0 0 0 0 0 0 0 0 0 0 0 0 0 0 0 0 0 0 0 0 0 0 0 0 0 0 0 0 0 0 0 0 
0 0 0 0 -1.52588e-05 -0.000106812 -0.000473022 -0.00131226 -0.00323486 -0.00624084 -0.0109863 -0.0161743 -0.0218964 -0.0255127 -0.0274048 -0.0255127 -0.0218964 -0.0161743 -0.0109863 -0.00624084 -0.00323486 -0.00131226 -0.000473022 -0.000106812 -1.52588e-05 0 0 0 0 0 0 0 0 0 0 0 0 0 0 0 0 0 0 0 0 0 0 0 0 0 0 0 0 0 0 0 0 0 0 0 0 0 0 0 0 0 0 0 0 0 0 0 0 0 0 0 0 0 0 0 0 0 0 0 0 0 0 0 0 0 0 0 0 0 0 0 0 0 0 0 
0 0 0 0 0 -1.52588e-05 -0.000106812 -0.000473022 -0.00131226 -0.00323486 -0.00624084 -0.0109863 -0.0161743 -0.0218964 -0.0255127 -0.0274048 -0.0255127 -0.0218964 -0.0161743 -0.0109863 -0.00624084 -0.00323486 -0.00131226 -0.000473022 -0.000106812 -1.52588e-05 0 0 0 0 0 0 0 0 0 0 0 0 0 0 0 0 0 0 0 0 0 0 0 0 0 0 0 0 0 0 0 0 0 0 0 0 0 0 0 0 0 0 0 0 0 0 0 0 0 0 0 0 0 0 0 0 0 0 0 0 0 0 0 0 0 0 0 0 0 0 0 0 0 0 
0 0 0 0 0 0 -1.52588e-05 -0.000106812 -0.000473022 -0.00131226 -0.00323486 -0.00624084 -0.0109863 -0.0161743 -0.0218964 -0.0255127 -0.0274048 -0.0255127 -0.0218964 -0.0161743 -0.0109863 -0.00624084 -0.00323486 -0.00131226 -0.000473022 -0.000106812 -1.52588e-05 0 0 0 0 0 0 0 0 0 0 0 0 0 0 0 0 0 0 0 0 0 0 0 0 0 0 0 0 0 0 0 0 0 0 0 0 0 0 0 0 0 0 0 0 0 0 0 0 0 0 0 0 0 0 0 0 0 0 0 0 0 0 0 0 0 0 0 0 0 0 0 0 0 
0 0 0 0 0 0 0 -1.52588e-05 -0.000106812 -0.000473022 -0.00131226 -0.00323486 -0.00624084 -0.0109863 -0.0161743 -0.0218964 -0.0255127 -0.0274048 -0.0255127 -0.0218964 -0.0161743 -0.0109863 -0.00624084 -0.00323486 -0.00131226 -0.000473022 -0.000106812 -1.52588e-05 0 0 0 0 0 0 0 0 0 0 0 0 0 0 0 0 0 0 0 0 0 0 0 0 0 0 0 0 0 0 0 0 0 0 0 0 0 0 0 0 0 0 0 0 0 0 0 0 0 0 0 0 0 0 0 0 0 0 0 0 0 0 0 0 0 0 0 0 0 0 0 0 
0 0 0 0 0 0 0 0 -1.52588e-05 -0.000106812 -0.000473022 -0.00131226 -0.00323486 -0.00624084 -0.0109863 -0.0161743 -0.0218964 -0.0255127 -0.0274048 -0.0255127 -0.0218964 -0.0161743 -0.0109863 -0.00624084 -0.00323486 -0.00131226 -0.000473022 -0.000106812 -1.52588e-05 0 0 0 0 0 0 0 0 0 0 0 0 0 0 0 0 0 0 0 0 0 0 0 0 0 0 0 0 0 0 0 0 0 0 0 0 0 0 0 0 0 0 0 0 0 0 0 0 0 0 0 0 0 0 0 0 0 0 0 0 0 0 0 0 0 0 0 0 0 0 0 
0 0 0 0 0 0 0 0 0 -1.52588e-05 -0.000106812 -0.000473022 -0.00131226 -0.00323486 -0.00624084 -0.0109863 -0.0161743 -0.0218964 -0.0255127 -0.0274048 -0.0255127 -0.0218964 -0.0161743 -0.0109863 -0.00624084 -0.00323486 -0.00131226 -0.000473022 -0.000106812 -1.52588e-05 0 0 0 0 0 0 0 0 0 0 0 0 0 0 0 0 0 0 0 0 0 0 0 0 0 0 0 0 0 0 0 0 0 0 0 0 0 0 0 0 0 0 0 0 0 0 0 0 0 0 0 0 0 0 0 0 0 0 0 0 0 0 0 0 0 0 0 0 0 0 
0 0 0 0 0 0 0 0 0 0 -1.52588e-05 -0.000106812 -0.000473022 -0.00131226 -0.00323486 -0.00624084 -0.0109863 -0.0161743 -0.0218964 -0.0255127 -0.0274048 -0.0255127 -0.0218964 -0.0161743 -0.0109863 -0.00624084 -0.00323486 -0.00131226 -0.000473022 -0.000106812 -1.52588e-05 0 0 0 0 0 0 0 0 0 0 0 0 0 0 0 0 0 0 0 0 0 0 0 0 0 0 0 0 0 0 0 0 0 0 0 0 0 0 0 0 0 0 0 0 0 0 0 0 0 0 0 0 0 0 0 0 0 0 0 0 0 0 0 0 0 0 0 0 0 
0 0 0 0 0 0 0 0 0 0 0 -1.52588e-05 -0.000106812 -0.000473022 -0.00131226 -0.00323486 -0.00624084 -0.0109863 -0.0161743 -0.0218964 -0.0255127 -0.0274048 -0.0255127 -0.0218964 -0.0161743 -0.0109863 -0.00624084 -0.00323486 -0.00131226 -0.000473022 -0.000106812 -1.52588e-05 0 0 0 0 0 0 0 0 0 0 0 0 0 0 0 0 0 0 0 0 0 0 0 0 0 0 0 0 0 0 0 0 0 0 0 0 0 0 0 0 0 0 0 0 0 0 0 0 0 0 0 0 0 0 0 0 0 0 0 0 0 0 0 0 0 0 0 0 
0 0 0 0 0 0 0 0 0 0 0 0 -1.52588e-05 -0.000106812 -0.000473022 -0.00131226 -0.00323486 -0.00624084 -0.0109863 -0.0161743 -0.0218964 -0.0255127 -0.0274048 -0.0255127 -0.0218964 -0.0161743 -0.0109863 -0.00624084 -0.00323486 -0.00131226 -0.000473022 -0.000106812 -1.52588e-05 0 0 0 0 0 0 0 0 0 0 0 0 0 0 0 0 0 0 0 0 0 0 0 0 0 0 0 0 0 0 0 0 0 0 0 0 0 0 0 0 0 0 0 0 0 0 0 0 0 0 0 0 0 0 0 0 0 0 0 0 0 0 0 0 0 0 0 
0 0 0 0 0 0 0 0 0 0 0 0 0 -1.52588e-05 -0.000106812 -0.000473022 -0.00131226 -0.00323486 -0.00624084 -0.0109863 -0.0161743 -0.0218964 -0.0255127 -0.0274048 -0.0255127 -0.0218964 -0.0161743 -0.0109863 -0.00624084 -0.00323486 -0.00131226 -0.000473022 -0.000106812 -1.52588e-05 0 0 0 0 0 0 0 0 0 0 0 0 0 0 0 0 0 0 0 0 0 0 0 0 0 0 0 0 0 0 0 0 0 0 0 0 0 0 0 0 0 0 0 0 0 0 0 0 0 0 0 0 0 0 0 0 0 0 0 0 0 0 0 0 0 0 
0 0 0 0 0 0 0 0 0 0 0 0 0 0 -1.52588e-05 -0.000106812 -0.000473022 -0.00131226 -0.00323486 -0.00624084 -0.0109863 -0.0161743 -0.0218964 -0.0255127 -0.0274048 -0.0255127 -0.0218964 -0.0161743 -0.0109863 -0.00624084 -0.00323486 -0.00131226 -0.000473022 -0.000106812 -1.52588e-05 0 0 0 0 0 0 0 0 0 0 0 0 0 0 0 0 0 0 0 0 0 0 0 0 0 0 0 0 0 0 0 0 0 0 0 0 0 0 0 0 0 0 0 0 0 0 0 0 0 0 0 0 0 0 0 0 0 0 0 0 0 0 0 0 0 
0 0 0 0 0 0 0 0 0 0 0 0 0 0 0 -1.52588e-05 -0.000106812 -0.000473022 -0.00131226 -0.00323486 -0.00624084 -0.0109863 -0.0161743 -0.0218964 -0.0255127 -0.0274048 -0.0255127 -0.0218964 -0.0161743 -0.0109863 -0.00624084 -0.00323486 -0.00131226 -0.000473022 -0.000106812 -1.52588e-05 0 0 0 0 0 0 0 0 0 0 0 0 0 0 0 0 0 0 0 0 0 0 0 0 0 0 0 0 0 0 0 0 0 0 0 0 0 0 0 0 0 0 0 0 0 0 0 0 0 0 0 0 0 0 0 0 0 0 0 0 0 0 0 0 
0 0 0 0 0 0 0 0 0 0 0 0 0 0 0 0 -1.52588e-05 -0.000106812 -0.000473022 -0.00131226 -0.00323486 -0.00624084 -0.0109863 -0.0161743 -0.0218964 -0.0255127 -0.0274048 -0.0255127 -0.0218964 -0.0161743 -0.0109863 -0.00624084 -0.00323486 -0.00131226 -0.000473022 -0.000106812 -1.52588e-05 0 0 0 0 0 0 0 0 0 0 0 0 0 0 0 0 0 0 0 0 0 0 0 0 0 0 0 0 0 0 0 0 0 0 0 0 0 0 0 0 0 0 0 0 0 0 0 0 0 0 0 0 0 0 0 0 0 0 0 0 0 0 0 
0 0 0 0 0 0 0 0 0 0 0 0 0 0 0 0 0 -1.52588e-05 -0.000106812 -0.000473022 -0.00131226 -0.00323486 -0.00624084 -0.0109863 -0.0161743 -0.0218964 -0.0255127 -0.0274048 -0.0255127 -0.0218964 -0.0161743 -0.0109863 -0.00624084 -0.00323486 -0.00131226 -0.000473022 -0.000106812 -1.52588e-05 0 0 0 0 0 0 0 0 0 0 0 0 0 0 0 0 0 0 0 0 0 0 0 0 0 0 0 0 0 0 0 0 0 0 0 0 0 0 0 0 0 0 0 0 0 0 0 0 0 0 0 0 0 0 0 0 0 0 0 0 0 0 
0 0 0 0 0 0 0 0 0 0 0 0 0 0 0 0 0 0 -1.52588e-05 -0.000106812 -0.000473022 -0.00131226 -0.00323486 -0.00624084 -0.0109863 -0.0161743 -0.0218964 -0.0255127 -0.0274048 -0.0255127 -0.0218964 -0.0161743 -0.0109863 -0.00624084 -0.00323486 -0.00131226 -0.000473022 -0.000106812 -1.52588e-05 0 0 0 0 0 0 0 0 0 0 0 0 0 0 0 0 0 0 0 0 0 0 0 0 0 0 0 0 0 0 0 0 0 0 0 0 0 0 0 0 0 0 0 0 0 0 0 0 0 0 0 0 0 0 0 0 0 0 0 0 0 
0 0 0 0 0 0 0 0 0 0 0 0 0 0 0 0 0 0 0 -1.52588e-05 -0.000106812 -0.000473022 -0.00131226 -0.00323486 -0.00624084 -0.0109863 -0.0161743 -0.0218964 -0.0255127 -0.0274048 -0.0255127 -0.0218964 -0.0161743 -0.0109863 -0.00624084 -0.00323486 -0.00131226 -0.000473022 -0.000106812 -1.52588e-05 0 0 0 0 0 0 0 0 0 0 0 0 0 0 0 0 0 0 0 0 0 0 0 0 0 0 0 0 0 0 0 0 0 0 0 0 0 0 0 0 0 0 0 0 0 0 0 0 0 0 0 0 0 0 0 0 0 0 0 0 
0 0 0 0 0 0 0 0 0 0 0 0 0 0 0 0 0 0 0 0 -1.52588e-05 -0.000106812 -0.000473022 -0.00131226 -0.00323486 -0.00624084 -0.0109863 -0.0161743 -0.0218964 -0.0255127 -0.0274048 -0.0255127 -0.0218964 -0.0161743 -0.0109863 -0.00624084 -0.00323486 -0.00131226 -0.000473022 -0.000106812 -1.52588e-05 0 0 0 0 0 0 0 0 0 0 0 0 0 0 0 0 0 0 0 0 0 0 0 0 0 0 0 0 0 0 0 0 0 0 0 0 0 0 0 0 0 0 0 0 0 0 0 0 0 0 0 0 0 0 0 0 0 0 0 
0 0 0 0 0 0 0 0 0 0 0 0 0 0 0 0 0 0 0 0 0 -1.52588e-05 -0.000106812 -0.000473022 -0.00131226 -0.00323486 -0.00624084 -0.0109863 -0.0161743 -0.0218964 -0.0255127 -0.0274048 -0.0255127 -0.0218964 -0.0161743 -0.0109863 -0.00624084 -0.00323486 -0.00131226 -0.000473022 -0.000106812 -1.52588e-05 0 0 0 0 0 0 0 0 0 0 0 0 0 0 0 0 0 0 0 0 0 0 0 0 0 0 0 0 0 0 0 0 0 0 0 0 0 0 0 0 0 0 0 0 0 0 0 0 0 0 0 0 0 0 0 0 0 0 
0 0 0 0 0 0 0 0 0 0 0 0 0 0 0 0 0 0 0 0 0 0 -1.52588e-05 -0.000106812 -0.000473022 -0.00131226 -0.00323486 -0.00624084 -0.0109863 -0.0161743 -0.0218964 -0.0255127 -0.0274048 -0.0255127 -0.0218964 -0.0161743 -0.0109863 -0.00624084 -0.00323486 -0.00131226 -0.000473022 -0.000106812 -1.52588e-05 0 0 0 0 0 0 0 0 0 0 0 0 0 0 0 0 0 0 0 0 0 0 0 0 0 0 0 0 0 0 0 0 0 0 0 0 0 0 0 0 0 0 0 0 0 0 0 0 0 0 0 0 0 0 0 0 0 
0 0 0 0 0 0 0 0 0 0 0 0 0 0 0 0 0 0 0 0 0 0 0 -1.52588e-05 -0.000106812 -0.000473022 -0.00131226 -0.00323486 -0.00624084 -0.0109863 -0.0161743 -0.0218964 -0.0255127 -0.0274048 -0.0255127 -0.0218964 -0.0161743 -0.0109863 -0.00624084 -0.00323486 -0.00131226 -0.000473022 -0.000106812 -1.52588e-05 0 0 0 0 0 0 0 0 0 0 0 0 0 0 0 0 0 0 0 0 0 0 0 0 0 0 0 0 0 0 0 0 0 0 0 0 0 0 0 0 0 0 0 0 0 0 0 0 0 0 0 0 0 0 0 0 
0 0 0 0 0 0 0 0 0 0 0 0 0 0 0 0 0 0 0 0 0 0 0 0 -1.52588e-05 -0.000106812 -0.000473022 -0.00131226 -0.00323486 -0.00624084 -0.0109863 -0.0161743 -0.0218964 -0.0255127 -0.0274048 -0.0255127 -0.0218964 -0.0161743 -0.0109863 -0.00624084 -0.00323486 -0.00131226 -0.000473022 -0.000106812 -1.52588e-05 0 0 0 0 0 0 0 0 0 0 0 0 0 0 0 0 0 0 0 0 0 0 0 0 0 0 0 0 0 0 0 0 0 0 0 0 0 0 0 0 0 0 0 0 0 0 0 0 0 0 0 0 0 0 0 
0 0 0 0 0 0 0 0 0 0 0 0 0 0 0 0 0 0 0 0 0 0 0 0 0 -1.52588e-05 -0.000106812 -0.000473022 -0.00131226 -0.00323486 -0.00624084 -0.0109863 -0.0161743 -0.0218964 -0.0255127 -0.0274048 -0.0255127 -0.0218964 -0.0161743 -0.0109863 -0.00624084 -0.00323486 -0.00131226 -0.000473022 -0.000106812 -1.52588e-05 0 0 0 0 0 0 0 0 0 0 0 0 0 0 0 0 0 0 0 0 0 0 0 0 0 0 0 0 0 0 0 0 0 0 0 0 0 0 0 0 0 0 0 0 0 0 0 0 0 0 0 0 0 0 
0 0 0 0 0 0 0 0 0 0 0 0 0 0 0 0 0 0 0 0 0 0 0 0 0 0 -1.52588e-05 -0.000106812 -0.000473022 -0.00131226 -0.00323486 -0.00624084 -0.0109863 -0.0161743 -0.0218964 -0.0255127 -0.0274048 -0.0255127 -0.0218964 -0.0161743 -0.0109863 -0.00624084 -0.00323486 -0.00131226 -0.000473022 -0.000106812 -1.52588e-05 0 0 0 0 0 0 0 0 0 0 0 0 0 0 0 0 0 0 0 0 0 0 0 0 0 0 0 0 0 0 0 0 0 0 0 0 0 0 0 0 0 0 0 0 0 0 0 0 0 0 0 0 0 
0 0 0 0 0 0 0 0 0 0 0 0 0 0 0 0 0 0 0 0 0 0 0 0 0 0 0 -1.52588e-05 -0.000106812 -0.000473022 -0.00131226 -0.00323486 -0.00624084 -0.0109863 -0.0161743 -0.0218964 -0.0255127 -0.0274048 -0.0255127 -0.0218964 -0.0161743 -0.0109863 -0.00624084 -0.00323486 -0.00131226 -0.000473022 -0.000106812 -1.52588e-05 0 0 0 0 0 0 0 0 0 0 0 0 0 0 0 0 0 0 0 0 0 0 0 0 0 0 0 0 0 0 0 0 0 0 0 0 0 0 0 0 0 0 0 0 0 0 0 0 0 0 0 0 
0 0 0 0 0 0 0 0 0 0 0 0 0 0 0 0 0 0 0 0 0 0 0 0 0 0 0 0 -1.52588e-05 -0.000106812 -0.000473022 -0.00131226 -0.00323486 -0.00624084 -0.0109863 -0.0161743 -0.0218964 -0.0255127 -0.0274048 -0.0255127 -0.0218964 -0.0161743 -0.0109863 -0.00624084 -0.00323486 -0.00131226 -0.000473022 -0.000106812 -1.52588e-05 0 0 0 0 0 0 0 0 0 0 0 0 0 0 0 0 0 0 0 0 0 0 0 0 0 0 0 0 0 0 0 0 0 0 0 0 0 0 0 0 0 0 0 0 0 0 0 0 0 0 0 
0 0 0 0 0 0 0 0 0 0 0 0 0 0 0 0 0 0 0 0 0 0 0 0 0 0 0 0 0 -1.52588e-05 -0.000106812 -0.000473022 -0.00131226 -0.00323486 -0.00624084 -0.0109863 -0.0161743 -0.0218964 -0.0255127 -0.0274048 -0.0255127 -0.0218964 -0.0161743 -0.0109863 -0.00624084 -0.00323486 -0.00131226 -0.000473022 -0.000106812 -1.52588e-05 0 0 0 0 0 0 0 0 0 0 0 0 0 0 0 0 0 0 0 0 0 0 0 0 0 0 0 0 0 0 0 0 0 0 0 0 0 0 0 0 0 0 0 0 0 0 0 0 0 0 
0 0 0 0 0 0 0 0 0 0 0 0 0 0 0 0 0 0 0 0 0 0 0 0 0 0 0 0 0 0 -1.52588e-05 -0.000106812 -0.000473022 -0.00131226 -0.00323486 -0.00624084 -0.0109863 -0.0161743 -0.0218964 -0.0255127 -0.0274048 -0.0255127 -0.0218964 -0.0161743 -0.0109863 -0.00624084 -0.00323486 -0.00131226 -0.000473022 -0.000106812 -1.52588e-05 0 0 0 0 0 0 0 0 0 0 0 0 0 0 0 0 0 0 0 0 0 0 0 0 0 0 0 0 0 0 0 0 0 0 0 0 0 0 0 0 0 0 0 0 0 0 0 0 0 
0 0 0 0 0 0 0 0 0 0 0 0 0 0 0 0 0 0 0 0 0 0 0 0 0 0 0 0 0 0 0 -1.52588e-05 -0.000106812 -0.000473022 -0.00131226 -0.00323486 -0.00624084 -0.0109863 -0.0161743 -0.0218964 -0.0255127 -0.0274048 -0.0255127 -0.0218964 -0.0161743 -0.0109863 -0.00624084 -0.00323486 -0.00131226 -0.000473022 -0.000106812 -1.52588e-05 0 0 0 0 0 0 0 0 0 0 0 0 0 0 0 0 0 0 0 0 0 0 0 0 0 0 0 0 0 0 0 0 0 0 0 0 0 0 0 0 0 0 0 0 0 0 0 0 
0 0 0 0 0 0 0 0 0 0 0 0 0 0 0 0 0 0 0 0 0 0 0 0 0 0 0 0 0 0 0 0 -1.52588e-05 -0.000106812 -0.000473022 -0.00131226 -0.00323486 -0.00624084 -0.0109863 -0.0161743 -0.0218964 -0.0255127 -0.0274048 -0.0255127 -0.0218964 -0.0161743 -0.0109863 -0.00624084 -0.00323486 -0.00131226 -0.000473022 -0.000106812 -1.52588e-05 0 0 0 0 0 0 0 0 0 0 0 0 0 0 0 0 0 0 0 0 0 0 0 0 0 0 0 0 0 0 0 0 0 0 0 0 0 0 0 0 0 0 0 0 0 0 0 
0 0 0 0 0 0 0 0 0 0 0 0 0 0 0 0 0 0 0 0 0 0 0 0 0 0 0 0 0 0 0 0 0 -1.52588e-05 -0.000106812 -0.000473022 -0.00131226 -0.00323486 -0.00624084 -0.0109863 -0.0161743 -0.0218964 -0.0255127 -0.0274048 -0.0255127 -0.0218964 -0.0161743 -0.0109863 -0.00624084 -0.00323486 -0.00131226 -0.000473022 -0.000106812 -1.52588e-05 0 0 0 0 0 0 0 0 0 0 0 0 0 0 0 0 0 0 0 0 0 0 0 0 0 0 0 0 0 0 0 0 0 0 0 0 0 0 0 0 0 0 0 0 0 0 
0 0 0 0 0 0 0 0 0 0 0 0 0 0 0 0 0 0 0 0 0 0 0 0 0 0 0 0 0 0 0 0 0 0 -1.52588e-05 -0.000106812 -0.000473022 -0.00131226 -0.00323486 -0.00624084 -0.0109863 -0.0161743 -0.0218964 -0.0255127 -0.0274048 -0.0255127 -0.0218964 -0.0161743 -0.0109863 -0.00624084 -0.00323486 -0.00131226 -0.000473022 -0.000106812 -1.52588e-05 0 0 0 0 0 0 0 0 0 0 0 0 0 0 0 0 0 0 0 0 0 0 0 0 0 0 0 0 0 0 0 0 0 0 0 0 0 0 0 0 0 0 0 0 0 
0 0 0 0 0 0 0 0 0 0 0 0 0 0 0 0 0 0 0 0 0 0 0 0 0 0 0 0 0 0 0 0 0 0 0 -1.52588e-05 -0.000106812 -0.000473022 -0.00131226 -0.00323486 -0.00624084 -0.0109863 -0.0161743 -0.0218964 -0.0255127 -0.0274048 -0.0255127 -0.0218964 -0.0161743 -0.0109863 -0.00624084 -0.00323486 -0.00131226 -0.000473022 -0.000106812 -1.52588e-05 0 0 0 0 0 0 0 0 0 0 0 0 0 0 0 0 0 0 0 0 0 0 0 0 0 0 0 0 0 0 0 0 0 0 0 0 0 0 0 0 0 0 0 0 
0 0 0 0 0 0 0 0 0 0 0 0 0 0 0 0 0 0 0 0 0 0 0 0 0 0 0 0 0 0 0 0 0 0 0 0 -1.52588e-05 -0.000106812 -0.000473022 -0.00131226 -0.00323486 -0.00624084 -0.0109863 -0.0161743 -0.0218964 -0.0255127 -0.0274048 -0.0255127 -0.0218964 -0.0161743 -0.0109863 -0.00624084 -0.00323486 -0.00131226 -0.000473022 -0.000106812 -1.52588e-05 0 0 0 0 0 0 0 0 0 0 0 0 0 0 0 0 0 0 0 0 0 0 0 0 0 0 0 0 0 0 0 0 0 0 0 0 0 0 0 0 0 0 0 
0 0 0 0 0 0 0 0 0 0 0 0 0 0 0 0 0 0 0 0 0 0 0 0 0 0 0 0 0 0 0 0 0 0 0 0 0 -1.52588e-05 -0.000106812 -0.000473022 -0.00131226 -0.00323486 -0.00624084 -0.0109863 -0.0161743 -0.0218964 -0.0255127 -0.0274048 -0.0255127 -0.0218964 -0.0161743 -0.0109863 -0.00624084 -0.00323486 -0.00131226 -0.000473022 -0.000106812 -1.52588e-05 0 0 0 0 0 0 0 0 0 0 0 0 0 0 0 0 0 0 0 0 0 0 0 0 0 0 0 0 0 0 0 0 0 0 0 0 0 0 0 0 0 0 
0 0 0 0 0 0 0 0 0 0 0 0 0 0 0 0 0 0 0 0 0 0 0 0 0 0 0 0 0 0 0 0 0 0 0 0 0 0 -1.52588e-05 -0.000106812 -0.000473022 -0.00131226 -0.00323486 -0.00624084 -0.0109863 -0.0161743 -0.0218964 -0.0255127 -0.0274048 -0.0255127 -0.0218964 -0.0161743 -0.0109863 -0.00624084 -0.00323486 -0.00131226 -0.000473022 -0.000106812 -1.52588e-05 0 0 0 0 0 0 0 0 0 0 0 0 0 0 0 0 0 0 0 0 0 0 0 0 0 0 0 0 0 0 0 0 0 0 0 0 0 0 0 0 0 
0 0 0 0 0 0 0 0 0 0 0 0 0 0 0 0 0 0 0 0 0 0 0 0 0 0 0 0 0 0 0 0 0 0 0 0 0 0 0 -1.52588e-05 -0.000106812 -0.000473022 -0.00131226 -0.00323486 -0.00624084 -0.0109863 -0.0161743 -0.0218964 -0.0255127 -0.0274048 -0.0255127 -0.0218964 -0.0161743 -0.0109863 -0.00624084 -0.00323486 -0.00131226 -0.000473022 -0.000106812 -1.52588e-05 0 0 0 0 0 0 0 0 0 0 0 0 0 0 0 0 0 0 0 0 0 0 0 0 0 0 0 0 0 0 0 0 0 0 0 0 0 0 0 0 
0 0 0 0 0 0 0 0 0 0 0 0 0 0 0 0 0 0 0 0 0 0 0 0 0 0 0 0 0 0 0 0 0 0 0 0 0 0 0 0 -1.52588e-05 -0.000106812 -0.000473022 -0.00131226 -0.00323486 -0.00624084 -0.0109863 -0.0161743 -0.0218964 -0.0255127 -0.0274048 -0.0255127 -0.0218964 -0.0161743 -0.0109863 -0.00624084 -0.00323486 -0.00131226 -0.000473022 -0.000106812 -1.52588e-05 0 0 0 0 0 0 0 0 0 0 0 0 0 0 0 0 0 0 0 0 0 0 0 0 0 0 0 0 0 0 0 0 0 0 0 0 0 0 0 
0 0 0 0 0 0 0 0 0 0 0 0 0 0 0 0 0 0 0 0 0 0 0 0 0 0 0 0 0 0 0 0 0 0 0 0 0 0 0 0 0 -1.52588e-05 -0.000106812 -0.000473022 -0.00131226 -0.00323486 -0.00624084 -0.0109863 -0.0161743 -0.0218964 -0.0255127 -0.0274048 -0.0255127 -0.0218964 -0.0161743 -0.0109863 -0.00624084 -0.00323486 -0.00131226 -0.000473022 -0.000106812 -1.52588e-05 0 0 0 0 0 0 0 0 0 0 0 0 0 0 0 0 0 0 0 0 0 0 0 0 0 0 0 0 0 0 0 0 0 0 0 0 0 0 
0 0 0 0 0 0 0 0 0 0 0 0 0 0 0 0 0 0 0 0 0 0 0 0 0 0 0 0 0 0 0 0 0 0 0 0 0 0 0 0 0 0 -1.52588e-05 -0.000106812 -0.000473022 -0.00131226 -0.00323486 -0.00624084 -0.0109863 -0.0161743 -0.0218964 -0.0255127 -0.0274048 -0.0255127 -0.0218964 -0.0161743 -0.0109863 -0.00624084 -0.00323486 -0.00131226 -0.000473022 -0.000106812 -1.52588e-05 0 0 0 0 0 0 0 0 0 0 0 0 0 0 0 0 0 0 0 0 0 0 0 0 0 0 0 0 0 0 0 0 0 0 0 0 0 
0 0 0 0 0 0 0 0 0 0 0 0 0 0 0 0 0 0 0 0 0 0 0 0 0 0 0 0 0 0 0 0 0 0 0 0 0 0 0 0 0 0 0 -1.52588e-05 -0.000106812 -0.000473022 -0.00131226 -0.00323486 -0.00624084 -0.0109863 -0.0161743 -0.0218964 -0.0255127 -0.0274048 -0.0255127 -0.0218964 -0.0161743 -0.0109863 -0.00624084 -0.00323486 -0.00131226 -0.000473022 -0.000106812 -1.52588e-05 0 0 0 0 0 0 0 0 0 0 0 0 0 0 0 0 0 0 0 0 0 0 0 0 0 0 0 0 0 0 0 0 0 0 0 0 
0 0 0 0 0 0 0 0 0 0 0 0 0 0 0 0 0 0 0 0 0 0 0 0 0 0 0 0 0 0 0 0 0 0 0 0 0 0 0 0 0 0 0 0 -1.52588e-05 -0.000106812 -0.000473022 -0.00131226 -0.00323486 -0.00624084 -0.0109863 -0.0161743 -0.0218964 -0.0255127 -0.0274048 -0.0255127 -0.0218964 -0.0161743 -0.0109863 -0.00624084 -0.00323486 -0.00131226 -0.000473022 -0.000106812 -1.52588e-05 0 0 0 0 0 0 0 0 0 0 0 0 0 0 0 0 0 0 0 0 0 0 0 0 0 0 0 0 0 0 0 0 0 0 0 
0 0 0 0 0 0 0 0 0 0 0 0 0 0 0 0 0 0 0 0 0 0 0 0 0 0 0 0 0 0 0 0 0 0 0 0 0 0 0 0 0 0 0 0 0 -1.52588e-05 -0.000106812 -0.000473022 -0.00131226 -0.00323486 -0.00624084 -0.0109863 -0.0161743 -0.0218964 -0.0255127 -0.0274048 -0.0255127 -0.0218964 -0.0161743 -0.0109863 -0.00624084 -0.00323486 -0.00131226 -0.000473022 -0.000106812 -1.52588e-05 0 0 0 0 0 0 0 0 0 0 0 0 0 0 0 0 0 0 0 0 0 0 0 0 0 0 0 0 0 0 0 0 0 0 
0 0 0 0 0 0 0 0 0 0 0 0 0 0 0 0 0 0 0 0 0 0 0 0 0 0 0 0 0 0 0 0 0 0 0 0 0 0 0 0 0 0 0 0 0 0 -1.52588e-05 -0.000106812 -0.000473022 -0.00131226 -0.00323486 -0.00624084 -0.0109863 -0.0161743 -0.0218964 -0.0255127 -0.0274048 -0.0255127 -0.0218964 -0.0161743 -0.0109863 -0.00624084 -0.00323486 -0.00131226 -0.000473022 -0.000106812 -1.52588e-05 0 0 0 0 0 0 0 0 0 0 0 0 0 0 0 0 0 0 0 0 0 0 0 0 0 0 0 0 0 0 0 0 0 
0 0 0 0 0 0 0 0 0 0 0 0 0 0 0 0 0 0 0 0 0 0 0 0 0 0 0 0 0 0 0 0 0 0 0 0 0 0 0 0 0 0 0 0 0 0 0 -1.52588e-05 -0.000106812 -0.000473022 -0.00131226 -0.00323486 -0.00624084 -0.0109863 -0.0161743 -0.0218964 -0.0255127 -0.0274048 -0.0255127 -0.0218964 -0.0161743 -0.0109863 -0.00624084 -0.00323486 -0.00131226 -0.000473022 -0.000106812 -1.52588e-05 0 0 0 0 0 0 0 0 0 0 0 0 0 0 0 0 0 0 0 0 0 0 0 0 0 0 0 0 0 0 0 0 
0 0 0 0 0 0 0 0 0 0 0 0 0 0 0 0 0 0 0 0 0 0 0 0 0 0 0 0 0 0 0 0 0 0 0 0 0 0 0 0 0 0 0 0 0 0 0 0 -1.52588e-05 -0.000106812 -0.000473022 -0.00131226 -0.00323486 -0.00624084 -0.0109863 -0.0161743 -0.0218964 -0.0255127 -0.0274048 -0.0255127 -0.0218964 -0.0161743 -0.0109863 -0.00624084 -0.00323486 -0.00131226 -0.000473022 -0.000106812 -1.52588e-05 0 0 0 0 0 0 0 0 0 0 0 0 0 0 0 0 0 0 0 0 0 0 0 0 0 0 0 0 0 0 0 
0 0 0 0 0 0 0 0 0 0 0 0 0 0 0 0 0 0 0 0 0 0 0 0 0 0 0 0 0 0 0 0 0 0 0 0 0 0 0 0 0 0 0 0 0 0 0 0 0 -1.52588e-05 -0.000106812 -0.000473022 -0.00131226 -0.00323486 -0.00624084 -0.0109863 -0.0161743 -0.0218964 -0.0255127 -0.0274048 -0.0255127 -0.0218964 -0.0161743 -0.0109863 -0.00624084 -0.00323486 -0.00131226 -0.000473022 -0.000106812 -1.52588e-05 0 0 0 0 0 0 0 0 0 0 0 0 0 0 0 0 0 0 0 0 0 0 0 0 0 0 0 0 0 0 
0 0 0 0 0 0 0 0 0 0 0 0 0 0 0 0 0 0 0 0 0 0 0 0 0 0 0 0 0 0 0 0 0 0 0 0 0 0 0 0 0 0 0 0 0 0 0 0 0 0 -1.52588e-05 -0.000106812 -0.000473022 -0.00131226 -0.00323486 -0.00624084 -0.0109863 -0.0161743 -0.0218964 -0.0255127 -0.0274048 -0.0255127 -0.0218964 -0.0161743 -0.0109863 -0.00624084 -0.00323486 -0.00131226 -0.000473022 -0.000106812 -1.52588e-05 0 0 0 0 0 0 0 0 0 0 0 0 0 0 0 0 0 0 0 0 0 0 0 0 0 0 0 0 0 
0 0 0 0 0 0 0 0 0 0 0 0 0 0 0 0 0 0 0 0 0 0 0 0 0 0 0 0 0 0 0 0 0 0 0 0 0 0 0 0 0 0 0 0 0 0 0 0 0 0 0 -1.52588e-05 -0.000106812 -0.000473022 -0.00131226 -0.00323486 -0.00624084 -0.0109863 -0.0161743 -0.0218964 -0.0255127 -0.0274048 -0.0255127 -0.0218964 -0.0161743 -0.0109863 -0.00624084 -0.00323486 -0.00131226 -0.000473022 -0.000106812 -1.52588e-05 0 0 0 0 0 0 0 0 0 0 0 0 0 0 0 0 0 0 0 0 0 0 0 0 0 0 0 0 
0 0 0 0 0 0 0 0 0 0 0 0 0 0 0 0 0 0 0 0 0 0 0 0 0 0 0 0 0 0 0 0 0 0 0 0 0 0 0 0 0 0 0 0 0 0 0 0 0 0 0 0 -1.52588e-05 -0.000106812 -0.000473022 -0.00131226 -0.00323486 -0.00624084 -0.0109863 -0.0161743 -0.0218964 -0.0255127 -0.0274048 -0.0255127 -0.0218964 -0.0161743 -0.0109863 -0.00624084 -0.00323486 -0.00131226 -0.000473022 -0.000106812 -1.52588e-05 0 0 0 0 0 0 0 0 0 0 0 0 0 0 0 0 0 0 0 0 0 0 0 0 0 0 0 
0 0 0 0 0 0 0 0 0 0 0 0 0 0 0 0 0 0 0 0 0 0 0 0 0 0 0 0 0 0 0 0 0 0 0 0 0 0 0 0 0 0 0 0 0 0 0 0 0 0 0 0 0 -1.52588e-05 -0.000106812 -0.000473022 -0.00131226 -0.00323486 -0.00624084 -0.0109863 -0.0161743 -0.0218964 -0.0255127 -0.0274048 -0.0255127 -0.0218964 -0.0161743 -0.0109863 -0.00624084 -0.00323486 -0.00131226 -0.000473022 -0.000106812 -1.52588e-05 0 0 0 0 0 0 0 0 0 0 0 0 0 0 0 0 0 0 0 0 0 0 0 0 0 0 
0 0 0 0 0 0 0 0 0 0 0 0 0 0 0 0 0 0 0 0 0 0 0 0 0 0 0 0 0 0 0 0 0 0 0 0 0 0 0 0 0 0 0 0 0 0 0 0 0 0 0 0 0 0 -1.52588e-05 -0.000106812 -0.000473022 -0.00131226 -0.00323486 -0.00624084 -0.0109863 -0.0161743 -0.0218964 -0.0255127 -0.0274048 -0.0255127 -0.0218964 -0.0161743 -0.0109863 -0.00624084 -0.00323486 -0.00131226 -0.000473022 -0.000106812 -1.52588e-05 0 0 0 0 0 0 0 0 0 0 0 0 0 0 0 0 0 0 0 0 0 0 0 0 0 
0 0 0 0 0 0 0 0 0 0 0 0 0 0 0 0 0 0 0 0 0 0 0 0 0 0 0 0 0 0 0 0 0 0 0 0 0 0 0 0 0 0 0 0 0 0 0 0 0 0 0 0 0 0 0 -1.52588e-05 -0.000106812 -0.000473022 -0.00131226 -0.00323486 -0.00624084 -0.0109863 -0.0161743 -0.0218964 -0.0255127 -0.0274048 -0.0255127 -0.0218964 -0.0161743 -0.0109863 -0.00624084 -0.00323486 -0.00131226 -0.000473022 -0.000106812 -1.52588e-05 0 0 0 0 0 0 0 0 0 0 0 0 0 0 0 0 0 0 0 0 0 0 0 0 
0 0 0 0 0 0 0 0 0 0 0 0 0 0 0 0 0 0 0 0 0 0 0 0 0 0 0 0 0 0 0 0 0 0 0 0 0 0 0 0 0 0 0 0 0 0 0 0 0 0 0 0 0 0 0 0 -1.52588e-05 -0.000106812 -0.000473022 -0.00131226 -0.00323486 -0.00624084 -0.0109863 -0.0161743 -0.0218964 -0.0255127 -0.0274048 -0.0255127 -0.0218964 -0.0161743 -0.0109863 -0.00624084 -0.00323486 -0.00131226 -0.000473022 -0.000106812 -1.52588e-05 0 0 0 0 0 0 0 0 0 0 0 0 0 0 0 0 0 0 0 0 0 0 0 
0 0 0 0 0 0 0 0 0 0 0 0 0 0 0 0 0 0 0 0 0 0 0 0 0 0 0 0 0 0 0 0 0 0 0 0 0 0 0 0 0 0 0 0 0 0 0 0 0 0 0 0 0 0 0 0 0 -1.52588e-05 -0.000106812 -0.000473022 -0.00131226 -0.00323486 -0.00624084 -0.0109863 -0.0161743 -0.0218964 -0.0255127 -0.0274048 -0.0255127 -0.0218964 -0.0161743 -0.0109863 -0.00624084 -0.00323486 -0.00131226 -0.000473022 -0.000106812 -1.52588e-05 0 0 0 0 0 0 0 0 0 0 0 0 0 0 0 0 0 0 0 0 0 0 
0 0 0 0 0 0 0 0 0 0 0 0 0 0 0 0 0 0 0 0 0 0 0 0 0 0 0 0 0 0 0 0 0 0 0 0 0 0 0 0 0 0 0 0 0 0 0 0 0 0 0 0 0 0 0 0 0 0 -1.52588e-05 -0.000106812 -0.000473022 -0.00131226 -0.00323486 -0.00624084 -0.0109863 -0.0161743 -0.0218964 -0.0255127 -0.0274048 -0.0255127 -0.0218964 -0.0161743 -0.0109863 -0.00624084 -0.00323486 -0.00131226 -0.000473022 -0.000106812 -1.52588e-05 0 0 0 0 0 0 0 0 0 0 0 0 0 0 0 0 0 0 0 0 0 
0 0 0 0 0 0 0 0 0 0 0 0 0 0 0 0 0 0 0 0 0 0 0 0 0 0 0 0 0 0 0 0 0 0 0 0 0 0 0 0 0 0 0 0 0 0 0 0 0 0 0 0 0 0 0 0 0 0 0 -1.52588e-05 -0.000106812 -0.000473022 -0.00131226 -0.00323486 -0.00624084 -0.0109863 -0.0161743 -0.0218964 -0.0255127 -0.0274048 -0.0255127 -0.0218964 -0.0161743 -0.0109863 -0.00624084 -0.00323486 -0.00131226 -0.000473022 -0.000106812 -1.52588e-05 0 0 0 0 0 0 0 0 0 0 0 0 0 0 0 0 0 0 0 0 
0 0 0 0 0 0 0 0 0 0 0 0 0 0 0 0 0 0 0 0 0 0 0 0 0 0 0 0 0 0 0 0 0 0 0 0 0 0 0 0 0 0 0 0 0 0 0 0 0 0 0 0 0 0 0 0 0 0 0 0 -1.52588e-05 -0.000106812 -0.000473022 -0.00131226 -0.00323486 -0.00624084 -0.0109863 -0.0161743 -0.0218964 -0.0255127 -0.0274048 -0.0255127 -0.0218964 -0.0161743 -0.0109863 -0.00624084 -0.00323486 -0.00131226 -0.000473022 -0.000106812 -1.52588e-05 0 0 0 0 0 0 0 0 0 0 0 0 0 0 0 0 0 0 0 
0 0 0 0 0 0 0 0 0 0 0 0 0 0 0 0 0 0 0 0 0 0 0 0 0 0 0 0 0 0 0 0 0 0 0 0 0 0 0 0 0 0 0 0 0 0 0 0 0 0 0 0 0 0 0 0 0 0 0 0 0 -1.52588e-05 -0.000106812 -0.000473022 -0.00131226 -0.00323486 -0.00624084 -0.0109863 -0.0161743 -0.0218964 -0.0255127 -0.0274048 -0.0255127 -0.0218964 -0.0161743 -0.0109863 -0.00624084 -0.00323486 -0.00131226 -0.000473022 -0.000106812 -1.52588e-05 0 0 0 0 0 0 0 0 0 0 0 0 0 0 0 0 0 0 
0 0 0 0 0 0 0 0 0 0 0 0 0 0 0 0 0 0 0 0 0 0 0 0 0 0 0 0 0 0 0 0 0 0 0 0 0 0 0 0 0 0 0 0 0 0 0 0 0 0 0 0 0 0 0 0 0 0 0 0 0 0 -1.52588e-05 -0.000106812 -0.000473022 -0.00131226 -0.00323486 -0.00624084 -0.0109863 -0.0161743 -0.0218964 -0.0255127 -0.0274048 -0.0255127 -0.0218964 -0.0161743 -0.0109863 -0.00624084 -0.00323486 -0.00131226 -0.000473022 -0.000106812 -1.52588e-05 0 0 0 0 0 0 0 0 0 0 0 0 0 0 0 0 0 
0 0 0 0 0 0 0 0 0 0 0 0 0 0 0 0 0 0 0 0 0 0 0 0 0 0 0 0 0 0 0 0 0 0 0 0 0 0 0 0 0 0 0 0 0 0 0 0 0 0 0 0 0 0 0 0 0 0 0 0 0 0 0 -1.52588e-05 -0.000106812 -0.000473022 -0.00131226 -0.00323486 -0.00624084 -0.0109863 -0.0161743 -0.0218964 -0.0255127 -0.0274048 -0.0255127 -0.0218964 -0.0161743 -0.0109863 -0.00624084 -0.00323486 -0.00131226 -0.000473022 -0.000106812 -1.52588e-05 0 0 0 0 0 0 0 0 0 0 0 0 0 0 0 0 
0 0 0 0 0 0 0 0 0 0 0 0 0 0 0 0 0 0 0 0 0 0 0 0 0 0 0 0 0 0 0 0 0 0 0 0 0 0 0 0 0 0 0 0 0 0 0 0 0 0 0 0 0 0 0 0 0 0 0 0 0 0 0 0 -1.52588e-05 -0.000106812 -0.000473022 -0.00131226 -0.00323486 -0.00624084 -0.0109863 -0.0161743 -0.0218964 -0.0255127 -0.0274048 -0.0255127 -0.0218964 -0.0161743 -0.0109863 -0.00624084 -0.00323486 -0.00131226 -0.000473022 -0.000106812 -1.52588e-05 0 0 0 0 0 0 0 0 0 0 0 0 0 0 0 
0 0 0 0 0 0 0 0 0 0 0 0 0 0 0 0 0 0 0 0 0 0 0 0 0 0 0 0 0 0 0 0 0 0 0 0 0 0 0 0 0 0 0 0 0 0 0 0 0 0 0 0 0 0 0 0 0 0 0 0 0 0 0 0 0 -1.52588e-05 -0.000106812 -0.000473022 -0.00131226 -0.00323486 -0.00624084 -0.0109863 -0.0161743 -0.0218964 -0.0255127 -0.0274048 -0.0255127 -0.0218964 -0.0161743 -0.0109863 -0.00624084 -0.00323486 -0.00131226 -0.000473022 -0.000106812 -1.52588e-05 0 0 0 0 0 0 0 0 0 0 0 0 0 0 
0 0 0 0 0 0 0 0 0 0 0 0 0 0 0 0 0 0 0 0 0 0 0 0 0 0 0 0 0 0 0 0 0 0 0 0 0 0 0 0 0 0 0 0 0 0 0 0 0 0 0 0 0 0 0 0 0 0 0 0 0 0 0 0 0 0 -1.52588e-05 -0.000106812 -0.000473022 -0.00131226 -0.00323486 -0.00624084 -0.0109863 -0.0161743 -0.0218964 -0.0255127 -0.0274048 -0.0255127 -0.0218964 -0.0161743 -0.0109863 -0.00624084 -0.00323486 -0.00131226 -0.000473022 -0.000106812 -1.52588e-05 0 0 0 0 0 0 0 0 0 0 0 0 0 
0 0 0 0 0 0 0 0 0 0 0 0 0 0 0 0 0 0 0 0 0 0 0 0 0 0 0 0 0 0 0 0 0 0 0 0 0 0 0 0 0 0 0 0 0 0 0 0 0 0 0 0 0 0 0 0 0 0 0 0 0 0 0 0 0 0 0 -1.52588e-05 -0.000106812 -0.000473022 -0.00131226 -0.00323486 -0.00624084 -0.0109863 -0.0161743 -0.0218964 -0.0255127 -0.0274048 -0.0255127 -0.0218964 -0.0161743 -0.0109863 -0.00624084 -0.00323486 -0.00131226 -0.000473022 -0.000106812 -1.52588e-05 0 0 0 0 0 0 0 0 0 0 0 0 
0 0 0 0 0 0 0 0 0 0 0 0 0 0 0 0 0 0 0 0 0 0 0 0 0 0 0 0 0 0 0 0 0 0 0 0 0 0 0 0 0 0 0 0 0 0 0 0 0 0 0 0 0 0 0 0 0 0 0 0 0 0 0 0 0 0 0 0 -1.52588e-05 -0.000106812 -0.000473022 -0.00131226 -0.00323486 -0.00624084 -0.0109863 -0.0161743 -0.0218964 -0.0255127 -0.0274048 -0.0255127 -0.0218964 -0.0161743 -0.0109863 -0.00624084 -0.00323486 -0.00131226 -0.000473022 -0.000106812 -1.52588e-05 0 0 0 0 0 0 0 0 0 0 0 
0 0 0 0 0 0 0 0 0 0 0 0 0 0 0 0 0 0 0 0 0 0 0 0 0 0 0 0 0 0 0 0 0 0 0 0 0 0 0 0 0 0 0 0 0 0 0 0 0 0 0 0 0 0 0 0 0 0 0 0 0 0 0 0 0 0 0 0 0 -1.52588e-05 -0.000106812 -0.000473022 -0.00131226 -0.00323486 -0.00624084 -0.0109863 -0.0161743 -0.0218964 -0.0255127 -0.0274048 -0.0255127 -0.0218964 -0.0161743 -0.0109863 -0.00624084 -0.00323486 -0.00131226 -0.000473022 -0.000106812 -1.52588e-05 0 0 0 0 0 0 0 0 0 0 
0 0 0 0 0 0 0 0 0 0 0 0 0 0 0 0 0 0 0 0 0 0 0 0 0 0 0 0 0 0 0 0 0 0 0 0 0 0 0 0 0 0 0 0 0 0 0 0 0 0 0 0 0 0 0 0 0 0 0 0 0 0 0 0 0 0 0 0 0 0 -1.52588e-05 -0.000106812 -0.000473022 -0.00131226 -0.00323486 -0.00624084 -0.0109863 -0.0161743 -0.0218964 -0.0255127 -0.0274048 -0.0255127 -0.0218964 -0.0161743 -0.0109863 -0.00624084 -0.00323486 -0.00131226 -0.000473022 -0.000106812 -1.52588e-05 0 0 0 0 0 0 0 0 0 
0 0 0 0 0 0 0 0 0 0 0 0 0 0 0 0 0 0 0 0 0 0 0 0 0 0 0 0 0 0 0 0 0 0 0 0 0 0 0 0 0 0 0 0 0 0 0 0 0 0 0 0 0 0 0 0 0 0 0 0 0 0 0 0 0 0 0 0 0 0 0 -1.52588e-05 -0.000106812 -0.000473022 -0.00131226 -0.00323486 -0.00624084 -0.0109863 -0.0161743 -0.0218964 -0.0255127 -0.0274048 -0.0255127 -0.0218964 -0.0161743 -0.0109863 -0.00624084 -0.00323486 -0.00131226 -0.000473022 -0.000106812 -1.52588e-05 0 0 0 0 0 0 0 0 
0 0 0 0 0 0 0 0 0 0 0 0 0 0 0 0 0 0 0 0 0 0 0 0 0 0 0 0 0 0 0 0 0 0 0 0 0 0 0 0 0 0 0 0 0 0 0 0 0 0 0 0 0 0 0 0 0 0 0 0 0 0 0 0 0 0 0 0 0 0 0 0 -1.52588e-05 -0.000106812 -0.000473022 -0.00131226 -0.00323486 -0.00624084 -0.0109863 -0.0161743 -0.0218964 -0.0255127 -0.0274048 -0.0255127 -0.0218964 -0.0161743 -0.0109863 -0.00624084 -0.00323486 -0.00131226 -0.000473022 -0.000106812 -1.52588e-05 0 0 0 0 0 0 0 
0 0 0 0 0 0 0 0 0 0 0 0 0 0 0 0 0 0 0 0 0 0 0 0 0 0 0 0 0 0 0 0 0 0 0 0 0 0 0 0 0 0 0 0 0 0 0 0 0 0 0 0 0 0 0 0 0 0 0 0 0 0 0 0 0 0 0 0 0 0 0 0 0 -1.52588e-05 -0.000106812 -0.000473022 -0.00131226 -0.00323486 -0.00624084 -0.0109863 -0.0161743 -0.0218964 -0.0255127 -0.0274048 -0.0255127 -0.0218964 -0.0161743 -0.0109863 -0.00624084 -0.00323486 -0.00131226 -0.000473022 -0.000106812 -1.52588e-05 0 0 0 0 0 0 
0 0 0 0 0 0 0 0 0 0 0 0 0 0 0 0 0 0 0 0 0 0 0 0 0 0 0 0 0 0 0 0 0 0 0 0 0 0 0 0 0 0 0 0 0 0 0 0 0 0 0 0 0 0 0 0 0 0 0 0 0 0 0 0 0 0 0 0 0 0 0 0 0 0 -1.52588e-05 -0.000106812 -0.000473022 -0.00131226 -0.00323486 -0.00624084 -0.0109863 -0.0161743 -0.0218964 -0.0255127 -0.0274048 -0.0255127 -0.0218964 -0.0161743 -0.0109863 -0.00624084 -0.00323486 -0.00131226 -0.000473022 -0.000106812 -1.52588e-05 0 0 0 0 0 
0 0 0 0 0 0 0 0 0 0 0 0 0 0 0 0 0 0 0 0 0 0 0 0 0 0 0 0 0 0 0 0 0 0 0 0 0 0 0 0 0 0 0 0 0 0 0 0 0 0 0 0 0 0 0 0 0 0 0 0 0 0 0 0 0 0 0 0 0 0 0 0 0 0 0 -1.52588e-05 -0.000106812 -0.000473022 -0.00131226 -0.00323486 -0.00624084 -0.0109863 -0.0161743 -0.0218964 -0.0255127 -0.0274048 -0.0255127 -0.0218964 -0.0161743 -0.0109863 -0.00624084 -0.00323486 -0.00131226 -0.000473022 -0.000106812 -1.52588e-05 0 0 0 0 
0 0 0 0 0 0 0 0 0 0 0 0 0 0 0 0 0 0 0 0 0 0 0 0 0 0 0 0 0 0 0 0 0 0 0 0 0 0 0 0 0 0 0 0 0 0 0 0 0 0 0 0 0 0 0 0 0 0 0 0 0 0 0 0 0 0 0 0 0 0 0 0 0 0 0 0 -1.52588e-05 -0.000106812 -0.000473022 -0.00131226 -0.00323486 -0.00624084 -0.0109863 -0.0161743 -0.0218964 -0.0255127 -0.0274048 -0.0255127 -0.0218964 -0.0161743 -0.0109863 -0.00624084 -0.00323486 -0.00131226 -0.000473022 -0.000106812 -1.52588e-05 0 0 0 
0 0 0 0 0 0 0 0 0 0 0 0 0 0 0 0 0 0 0 0 0 0 0 0 0 0 0 0 0 0 0 0 0 0 0 0 0 0 0 0 0 0 0 0 0 0 0 0 0 0 0 0 0 0 0 0 0 0 0 0 0 0 0 0 0 0 0 0 0 0 0 0 0 0 0 0 0 -1.52588e-05 -0.000106812 -0.000473022 -0.00131226 -0.00323486 -0.00624084 -0.0109863 -0.0161743 -0.0218964 -0.0255127 -0.0274048 -0.0255127 -0.0218964 -0.0161743 -0.0109863 -0.00624084 -0.00323486 -0.00131226 -0.000473022 -0.000106812 -1.52588e-05 0 0 
0 0 0 0 0 0 0 0 0 0 0 0 0 0 0 0 0 0 0 0 0 0 0 0 0 0 0 0 0 0 0 0 0 0 0 0 0 0 0 0 0 0 0 0 0 0 0 0 0 0 0 0 0 0 0 0 0 0 0 0 0 0 0 0 0 0 0 0 0 0 0 0 0 0 0 0 0 0 -1.52588e-05 -0.000106812 -0.000473022 -0.00131226 -0.00323486 -0.00624084 -0.0109863 -0.0161743 -0.0218964 -0.0255127 -0.0274048 -0.0255127 -0.0218964 -0.0161743 -0.0109863 -0.00624084 -0.00323486 -0.00131226 -0.000473022 -0.000106812 -1.52588e-05 0 
0 0 0 0 0 0 0 0 0 0 0 0 0 0 0 0 0 0 0 0 0 0 0 0 0 0 0 0 0 0 0 0 0 0 0 0 0 0 0 0 0 0 0 0 0 0 0 0 0 0 0 0 0 0 0 0 0 0 0 0 0 0 0 0 0 0 0 0 0 0 0 0 0 0 0 0 0 0 0 -1.52588e-05 -0.000106812 -0.000473022 -0.00131226 -0.00323486 -0.00624084 -0.0109863 -0.0161743 -0.0218964 -0.0255127 -0.0274048 -0.0255127 -0.0218964 -0.0161743 -0.0109863 -0.00624084 -0.00323486 -0.00131226 -0.000473022 -0.000106812 -3.05176e-05 
0 0 0 0 0 0 0 0 0 0 0 0 0 0 0 0 0 0 0 0 0 0 0 0 0 0 0 0 0 0 0 0 0 0 0 0 0 0 0 0 0 0 0 0 0 0 0 0 0 0 0 0 0 0 0 0 0 0 0 0 0 0 0 0 0 0 0 0 0 0 0 0 0 0 0 0 0 0 0 0 -1.52588e-05 -0.000106812 -0.000473022 -0.00131226 -0.00323486 -0.00624084 -0.0109863 -0.0161743 -0.0218964 -0.0255127 -0.0274048 -0.0255127 -0.0218964 -0.0161743 -0.0109863 -0.00624084 -0.00323486 -0.00131226 -0.000488281 -0.000198364 
0 0 0 0 0 0 0 0 0 0 0 0 0 0 0 0 0 0 0 0 0 0 0 0 0 0 0 0 0 0 0 0 0 0 0 0 0 0 0 0 0 0 0 0 0 0 0 0 0 0 0 0 0 0 0 0 0 0 0 0 0 0 0 0 0 0 0 0 0 0 0 0 0 0 0 0 0 0 0 0 0 -1.52588e-05 -0.000106812 -0.000473022 -0.00131226 -0.00323486 -0.00624084 -0.0109863 -0.0161743 -0.0218964 -0.0255127 -0.0274048 -0.0255127 -0.0218964 -0.0161743 -0.0109863 -0.00624084 -0.00325012 -0.00140381 -0.000854492 
0 0 0 0 0 0 0 0 0 0 0 0 0 0 0 0 0 0 0 0 0 0 0 0 0 0 0 0 0 0 0 0 0 0 0 0 0 0 0 0 0 0 0 0 0 0 0 0 0 0 0 0 0 0 0 0 0 0 0 0 0 0 0 0 0 0 0 0 0 0 0 0 0 0 0 0 0 0 0 0 0 0 -1.52588e-05 -0.000106812 -0.000473022 -0.00131226 -0.00323486 -0.00624084 -0.0109863 -0.0161743 -0.0218964 -0.0255127 -0.0274048 -0.0255127 -0.0218964 -0.0161743 -0.0110016 -0.00631714 -0.00358582 -0.00236511 
0 0 0 0 0 0 0 0 0 0 0 0 0 0 0 0 0 0 0 0 0 0 0 0 0 0 0 0 0 0 0 0 0 0 0 0 0 0 0 0 0 0 0 0 0 0 0 0 0 0 0 0 0 0 0 0 0 0 0 0 0 0 0 0 0 0 0 0 0 0 0 0 0 0 0 0 0 0 0 0 0 0 0 -1.52588e-05 -0.000106812 -0.000473022 -0.00131226 -0.00323486 -0.00624084 -0.0109863 -0.0161743 -0.0218964 -0.0255127 -0.0274048 -0.0255127 -0.0219116 -0.0162354 -0.0112915 -0.00720215 -0.0057373 
0 0 0 0 0 0 0 0 0 0 0 0 0 0 0 0 0 0 0 0 0 0 0 0 0 0 0 0 0 0 0 0 0 0 0 0 0 0 0 0 0 0 0 0 0 0 0 0 0 0 0 0 0 0 0 0 0 0 0 0 0 0 0 0 0 0 0 0 0 0 0 0 0 0 0 0 0 0 0 0 0 0 0 0 -1.52588e-05 -0.000106812 -0.000473022 -0.00131226 -0.00323486 -0.00624084 -0.0109863 -0.0161743 -0.0218964 -0.0255127 -0.02742 -0.0255585 -0.0221558 -0.0169678 -0.0131378 -0.0109863 
0 0 0 0 0 0 0 0 0 0 0 0 0 0 0 0 0 0 0 0 0 0 0 0 0 0 0 0 0 0 0 0 0 0 0 0 0 0 0 0 0 0 0 0 0 0 0 0 0 0 0 0 0 0 0 0 0 0 0 0 0 0 0 0 0 0 0 0 0 0 0 0 0 0 0 0 0 0 0 0 0 0 0 0 0 -1.52588e-05 -0.000106812 -0.000473022 -0.00131226 -0.00323486 -0.00624084 -0.0109863 -0.0161743 -0.0219116 -0.0255585 -0.0276337 -0.0261688 -0.0236511 -0.0200958 -0.0186462 
0 0 0 0 0 0 0 0 0 0 0 0 0 0 0 0 0 0 0 0 0 0 0 0 0 0 0 0 0 0 0 0 0 0 0 0 0 0 0 0 0 0 0 0 0 0 0 0 0 0 0 0 0 0 0 0 0 0 0 0 0 0 0 0 0 0 0 0 0 0 0 0 0 0 0 0 0 0 0 0 0 0 0 0 0 0 -1.52588e-05 -0.000106812 -0.000473022 -0.00131226 -0.00323486 -0.00624084 -0.0110016 -0.0162354 -0.0221558 -0.0261688 -0.0289764 -0.0287323 -0.0280609 -0.0268097 
0 0 0 0 0 0 0 0 0 0 0 0 0 0 0 0 0 0 0 0 0 0 0 0 0 0 0 0 0 0 0 0 0 0 0 0 0 0 0 0 0 0 0 0 0 0 0 0 0 0 0 0 0 0 0 0 0 0 0 0 0 0 0 0 0 0 0 0 0 0 0 0 0 0 0 0 0 0 0 0 0 0 0 0 0 0 0 -1.52588e-05 -0.000106812 -0.000473022 -0.00131226 -0.00325012 -0.00631714 -0.0112915 -0.0169678 -0.0236511 -0.0287323 -0.0328522 -0.0341797 -0.0347595 
0 0 0 0 0 0 0 0 0 0 0 0 0 0 0 0 0 0 0 0 0 0 0 0 0 0 0 0 0 0 0 0 0 0 0 0 0 0 0 0 0 0 0 0 0 0 0 0 0 0 0 0 0 0 0 0 0 0 0 0 0 0 0 0 0 0 0 0 0 0 0 0 0 0 0 0 0 0 0 0 0 0 0 0 0 0 0 0 -1.52588e-05 -0.000106812 -0.000488281 -0.00140381 -0.00358582 -0.00720215 -0.0131378 -0.0200958 -0.0280609 -0.0341797 -0.0386658 -0.0398254 
0 0 0 0 0 0 0 0 0 0 0 0 0 0 0 0 0 0 0 0 0 0 0 0 0 0 0 0 0 0 0 0 0 0 0 0 0 0 0 0 0 0 0 0 0 0 0 0 0 0 0 0 0 0 0 0 0 0 0 0 0 0 0 0 0 0 0 0 0 0 0 0 0 0 0 0 0 0 0 0 0 0 0 0 0 0 0 0 0 -3.05176e-05 -0.000198364 -0.000854492 -0.00236511 -0.0057373 -0.0109863 -0.0186462 -0.0268097 -0.0347595 -0.0398254 -0.042099 
