-0.0506439 -0.0446014 -0.0387573 -0.0235443 -0.0142059 -0.00456238 -0.00164795 0 0 0 0 0 0 0 0 0 0 0 0 0 0 0 0 0 0 0 0 0 0 0 0 0 0 0 0 0 0 0 0 0 0 0 0 0 0 0 0 0 0 0 0 0 0 0 0 0 0 0 0 0 0 0 0 0 0 0 0 0 0 0 0 0 0 0 0 0 0 0 0 0 0 0 0 0 0 0 0 0 0 0 0 0 0 0 0 0 0 0 0 0 
-0.0446014 -0.0463867 -0.0362244 -0.0299683 -0.0156708 -0.00924683 -0.00254822 -0.00100708 0 0 0 0 0 0 0 0 0 0 0 0 0 0 0 0 0 0 0 0 0 0 0 0 0 0 0 0 0 0 0 0 0 0 0 0 0 0 0 0 0 0 0 0 0 0 0 0 0 0 0 0 0 0 0 0 0 0 0 0 0 0 0 0 0 0 0 0 0 0 0 0 0 0 0 0 0 0 0 0 0 0 0 0 0 0 0 0 0 0 0 0 
-0.0387573 -0.0362244 -0.0397491 -0.0306549 -0.0263367 -0.0140533 -0.00868225 -0.00254822 -0.00100708 0 0 0 0 0 0 0 0 0 0 0 0 0 0 0 0 0 0 0 0 0 0 0 0 0 0 0 0 0 0 0 0 0 0 0 0 0 0 0 0 0 0 0 0 0 0 0 0 0 0 0 0 0 0 0 0 0 0 0 0 0 0 0 0 0 0 0 0 0 0 0 0 0 0 0 0 0 0 0 0 0 0 0 0 0 0 0 0 0 0 0 
-0.0235443 -0.0299683 -0.0306549 -0.0368347 -0.0294495 -0.0258942 -0.0140533 -0.00868225 -0.00254822 -0.00100708 0 0 0 0 0 0 0 0 0 0 0 0 0 0 0 0 0 0 0 0 0 0 0 0 0 0 0 0 0 0 0 0 0 0 0 0 0 0 0 0 0 0 0 0 0 0 0 0 0 0 0 0 0 0 0 0 0 0 0 0 0 0 0 0 0 0 0 0 0 0 0 0 0 0 0 0 0 0 0 0 0 0 0 0 0 0 0 0 0 0 
-0.0142059 -0.0156708 -0.0263367 -0.0294495 -0.036438 -0.0294495 -0.0258942 -0.0140533 -0.00868225 -0.00254822 -0.00100708 0 0 0 0 0 0 0 0 0 0 0 0 0 0 0 0 0 0 0 0 0 0 0 0 0 0 0 0 0 0 0 0 0 0 0 0 0 0 0 0 0 0 0 0 0 0 0 0 0 0 0 0 0 0 0 0 0 0 0 0 0 0 0 0 0 0 0 0 0 0 0 0 0 0 0 0 0 0 0 0 0 0 0 0 0 0 0 0 0 
-0.00456238 -0.00924683 -0.0140533 -0.0258942 -0.0294495 -0.036438 -0.0294495 -0.0258942 -0.0140533 -0.00868225 -0.00254822 -0.00100708 0 0 0 0 0 0 0 0 0 0 0 0 0 0 0 0 0 0 0 0 0 0 0 0 0 0 0 0 0 0 0 0 0 0 0 0 0 0 0 0 0 0 0 0 0 0 0 0 0 0 0 0 0 0 0 0 0 0 0 0 0 0 0 0 0 0 0 0 0 0 0 0 0 0 0 0 0 0 0 0 0 0 0 0 0 0 0 0 
-0.00164795 -0.00254822 -0.00868225 -0.0140533 -0.0258942 -0.0294495 -0.036438 -0.0294495 -0.0258942 -0.0140533 -0.00868225 -0.00254822 -0.00100708 0 0 0 0 0 0 0 0 0 0 0 0 0 0 0 0 0 0 0 0 0 0 0 0 0 0 0 0 0 0 0 0 0 0 0 0 0 0 0 0 0 0 0 0 0 0 0 0 0 0 0 0 0 0 0 0 0 0 0 0 0 0 0 0 0 0 0 0 0 0 0 0 0 0 0 0 0 0 0 0 0 0 0 0 0 0 0 
0 -0.00100708 -0.00254822 -0.00868225 -0.0140533 -0.0258942 -0.0294495 -0.036438 -0.0294495 -0.0258942 -0.0140533 -0.00868225 -0.00254822 -0.00100708 0 0 0 0 0 0 0 0 0 0 0 0 0 0 0 0 0 0 0 0 0 0 0 0 0 0 0 0 0 0 0 0 0 0 0 0 0 0 0 0 0 0 0 0 0 0 0 0 0 0 0 0 0 0 0 0 0 0 0 0 0 0 0 0 0 0 0 0 0 0 0 0 0 0 0 0 0 0 0 0 0 0 0 0 0 0 
0 0 -0.00100708 -0.00254822 -0.00868225 -0.0140533 -0.0258942 -0.0294495 -0.036438 -0.0294495 -0.0258942 -0.0140533 -0.00868225 -0.00254822 -0.00100708 0 0 0 0 0 0 0 0 0 0 0 0 0 0 0 0 0 0 0 0 0 0 0 0 0 0 0 0 0 0 0 0 0 0 0 0 0 0 0 0 0 0 0 0 0 0 0 0 0 0 0 0 0 0 0 0 0 0 0 0 0 0 0 0 0 0 0 0 0 0 0 0 0 0 0 0 0 0 0 0 0 0 0 0 0 
0 0 0 -0.00100708 -0.00254822 -0.00868225 -0.0140533 -0.0258942 -0.0294495 -0.036438 -0.0294495 -0.0258942 -0.0140533 -0.00868225 -0.00254822 -0.00100708 0 0 0 0 0 0 0 0 0 0 0 0 0 0 0 0 0 0 0 0 0 0 0 0 0 0 0 0 0 0 0 0 0 0 0 0 0 0 0 0 0 0 0 0 0 0 0 0 0 0 0 0 0 0 0 0 0 0 0 0 0 0 0 0 0 0 0 0 0 0 0 0 0 0 0 0 0 0 0 0 0 0 0 0 
0 0 0 0 -0.00100708 -0.00254822 -0.00868225 -0.0140533 -0.0258942 -0.0294495 -0.036438 -0.0294495 -0.0258942 -0.0140533 -0.00868225 -0.00254822 -0.00100708 0 0 0 0 0 0 0 0 0 0 0 0 0 0 0 0 0 0 0 0 0 0 0 0 0 0 0 0 0 0 0 0 0 0 0 0 0 0 0 0 0 0 0 0 0 0 0 0 0 0 0 0 0 0 0 0 0 0 0 0 0 0 0 0 0 0 0 0 0 0 0 0 0 0 0 0 0 0 0 0 0 0 0 
0 0 0 0 0 -0.00100708 -0.00254822 -0.00868225 -0.0140533 -0.0258942 -0.0294495 -0.036438 -0.0294495 -0.0258942 -0.0140533 -0.00868225 -0.00254822 -0.00100708 0 0 0 0 0 0 0 0 0 0 0 0 0 0 0 0 0 0 0 0 0 0 0 0 0 0 0 0 0 0 0 0 0 0 0 0 0 0 0 0 0 0 0 0 0 0 0 0 0 0 0 0 0 0 0 0 0 0 0 0 0 0 0 0 0 0 0 0 0 0 0 0 0 0 0 0 0 0 0 0 0 0 
0 0 0 0 0 0 -0.00100708 -0.00254822 -0.00868225 -0.0140533 -0.0258942 -0.0294495 -0.036438 -0.0294495 -0.0258942 -0.0140533 -0.00868225 -0.00254822 -0.00100708 0 0 0 0 0 0 0 0 0 0 0 0 0 0 0 0 0 0 0 0 0 0 0 0 0 0 0 0 0 0 0 0 0 0 0 0 0 0 0 0 0 0 0 0 0 0 0 0 0 0 0 0 0 0 0 0 0 0 0 0 0 0 0 0 0 0 0 0 0 0 0 0 0 0 0 0 0 0 0 0 0 
0 0 0 0 0 0 0 -0.00100708 -0.00254822 -0.00868225 -0.0140533 -0.0258942 -0.0294495 -0.036438 -0.0294495 -0.0258942 -0.0140533 -0.00868225 -0.00254822 -0.00100708 0 0 0 0 0 0 0 0 0 0 0 0 0 0 0 0 0 0 0 0 0 0 0 0 0 0 0 0 0 0 0 0 0 0 0 0 0 0 0 0 0 0 0 0 0 0 0 0 0 0 0 0 0 0 0 0 0 0 0 0 0 0 0 0 0 0 0 0 0 0 0 0 0 0 0 0 0 0 0 0 
0 0 0 0 0 0 0 0 -0.00100708 -0.00254822 -0.00868225 -0.0140533 -0.0258942 -0.0294495 -0.036438 -0.0294495 -0.0258942 -0.0140533 -0.00868225 -0.00254822 -0.00100708 0 0 0 0 0 0 0 0 0 0 0 0 0 0 0 0 0 0 0 0 0 0 0 0 0 0 0 0 0 0 0 0 0 0 0 0 0 0 0 0 0 0 0 0 0 0 0 0 0 0 0 0 0 0 0 0 0 0 0 0 0 0 0 0 0 0 0 0 0 0 0 0 0 0 0 0 0 0 0 
0 0 0 0 0 0 0 0 0 -0.00100708 -0.00254822 -0.00868225 -0.0140533 -0.0258942 -0.0294495 -0.036438 -0.0294495 -0.0258942 -0.0140533 -0.00868225 -0.00254822 -0.00100708 0 0 0 0 0 0 0 0 0 0 0 0 0 0 0 0 0 0 0 0 0 0 0 0 0 0 0 0 0 0 0 0 0 0 0 0 0 0 0 0 0 0 0 0 0 0 0 0 0 0 0 0 0 0 0 0 0 0 0 0 0 0 0 0 0 0 0 0 0 0 0 0 0 0 0 0 0 0 
0 0 0 0 0 0 0 0 0 0 -0.00100708 -0.00254822 -0.00868225 -0.0140533 -0.0258942 -0.0294495 -0.036438 -0.0294495 -0.0258942 -0.0140533 -0.00868225 -0.00254822 -0.00100708 0 0 0 0 0 0 0 0 0 0 0 0 0 0 0 0 0 0 0 0 0 0 0 0 0 0 0 0 0 0 0 0 0 0 0 0 0 0 0 0 0 0 0 0 0 0 0 0 0 0 0 0 0 0 0 0 0 0 0 0 0 0 0 0 0 0 0 0 0 0 0 0 0 0 0 0 0 
0 0 0 0 0 0 0 0 0 0 0 -0.00100708 -0.00254822 -0.00868225 -0.0140533 -0.0258942 -0.0294495 -0.036438 -0.0294495 -0.0258942 -0.0140533 -0.00868225 -0.00254822 -0.00100708 0 0 0 0 0 0 0 0 0 0 0 0 0 0 0 0 0 0 0 0 0 0 0 0 0 0 0 0 0 0 0 0 0 0 0 0 0 0 0 0 0 0 0 0 0 0 0 0 0 0 0 0 0 0 0 0 0 0 0 0 0 0 0 0 0 0 0 0 0 0 0 0 0 0 0 0 
0 0 0 0 0 0 0 0 0 0 0 0 -0.00100708 -0.00254822 -0.00868225 -0.0140533 -0.0258942 -0.0294495 -0.036438 -0.0294495 -0.0258942 -0.0140533 -0.00868225 -0.00254822 -0.00100708 0 0 0 0 0 0 0 0 0 0 0 0 0 0 0 0 0 0 0 0 0 0 0 0 0 0 0 0 0 0 0 0 0 0 0 0 0 0 0 0 0 0 0 0 0 0 0 0 0 0 0 0 0 0 0 0 0 0 0 0 0 0 0 0 0 0 0 0 0 0 0 0 0 0 0 
0 0 0 0 0 0 0 0 0 0 0 0 0 -0.00100708 -0.00254822 -0.00868225 -0.0140533 -0.0258942 -0.0294495 -0.036438 -0.0294495 -0.0258942 -0.0140533 -0.00868225 -0.00254822 -0.00100708 0 0 0 0 0 0 0 0 0 0 0 0 0 0 0 0 0 0 0 0 0 0 0 0 0 0 0 0 0 0 0 0 0 0 0 0 0 0 0 0 0 0 0 0 0 0 0 0 0 0 0 0 0 0 0 0 0 0 0 0 0 0 0 0 0 0 0 0 0 0 0 0 0 0 
0 0 0 0 0 0 0 0 0 0 0 0 0 0 -0.00100708 -0.00254822 -0.00868225 -0.0140533 -0.0258942 -0.0294495 -0.036438 -0.0294495 -0.0258942 -0.0140533 -0.00868225 -0.00254822 -0.00100708 0 0 0 0 0 0 0 0 0 0 0 0 0 0 0 0 0 0 0 0 0 0 0 0 0 0 0 0 0 0 0 0 0 0 0 0 0 0 0 0 0 0 0 0 0 0 0 0 0 0 0 0 0 0 0 0 0 0 0 0 0 0 0 0 0 0 0 0 0 0 0 0 0 
0 0 0 0 0 0 0 0 0 0 0 0 0 0 0 -0.00100708 -0.00254822 -0.00868225 -0.0140533 -0.0258942 -0.0294495 -0.036438 -0.0294495 -0.0258942 -0.0140533 -0.00868225 -0.00254822 -0.00100708 0 0 0 0 0 0 0 0 0 0 0 0 0 0 0 0 0 0 0 0 0 0 0 0 0 0 0 0 0 0 0 0 0 0 0 0 0 0 0 0 0 0 0 0 0 0 0 0 0 0 0 0 0 0 0 0 0 0 0 0 0 0 0 0 0 0 0 0 0 0 0 0 
0 0 0 0 0 0 0 0 0 0 0 0 0 0 0 0 -0.00100708 -0.00254822 -0.00868225 -0.0140533 -0.0258942 -0.0294495 -0.036438 -0.0294495 -0.0258942 -0.0140533 -0.00868225 -0.00254822 -0.00100708 0 0 0 0 0 0 0 0 0 0 0 0 0 0 0 0 0 0 0 0 0 0 0 0 0 0 0 0 0 0 0 0 0 0 0 0 0 0 0 0 0 0 0 0 0 0 0 0 0 0 0 0 0 0 0 0 0 0 0 0 0 0 0 0 0 0 0 0 0 0 0 
0 0 0 0 0 0 0 0 0 0 0 0 0 0 0 0 0 -0.00100708 -0.00254822 -0.00868225 -0.0140533 -0.0258942 -0.0294495 -0.036438 -0.0294495 -0.0258942 -0.0140533 -0.00868225 -0.00254822 -0.00100708 0 0 0 0 0 0 0 0 0 0 0 0 0 0 0 0 0 0 0 0 0 0 0 0 0 0 0 0 0 0 0 0 0 0 0 0 0 0 0 0 0 0 0 0 0 0 0 0 0 0 0 0 0 0 0 0 0 0 0 0 0 0 0 0 0 0 0 0 0 0 
0 0 0 0 0 0 0 0 0 0 0 0 0 0 0 0 0 0 -0.00100708 -0.00254822 -0.00868225 -0.0140533 -0.0258942 -0.0294495 -0.036438 -0.0294495 -0.0258942 -0.0140533 -0.00868225 -0.00254822 -0.00100708 0 0 0 0 0 0 0 0 0 0 0 0 0 0 0 0 0 0 0 0 0 0 0 0 0 0 0 0 0 0 0 0 0 0 0 0 0 0 0 0 0 0 0 0 0 0 0 0 0 0 0 0 0 0 0 0 0 0 0 0 0 0 0 0 0 0 0 0 0 
0 0 0 0 0 0 0 0 0 0 0 0 0 0 0 0 0 0 0 -0.00100708 -0.00254822 -0.00868225 -0.0140533 -0.0258942 -0.0294495 -0.036438 -0.0294495 -0.0258942 -0.0140533 -0.00868225 -0.00254822 -0.00100708 0 0 0 0 0 0 0 0 0 0 0 0 0 0 0 0 0 0 0 0 0 0 0 0 0 0 0 0 0 0 0 0 0 0 0 0 0 0 0 0 0 0 0 0 0 0 0 0 0 0 0 0 0 0 0 0 0 0 0 0 0 0 0 0 0 0 0 0 
0 0 0 0 0 0 0 0 0 0 0 0 0 0 0 0 0 0 0 0 -0.00100708 -0.00254822 -0.00868225 -0.0140533 -0.0258942 -0.0294495 -0.036438 -0.0294495 -0.0258942 -0.0140533 -0.00868225 -0.00254822 -0.00100708 0 0 0 0 0 0 0 0 0 0 0 0 0 0 0 0 0 0 0 0 0 0 0 0 0 0 0 0 0 0 0 0 0 0 0 0 0 0 0 0 0 0 0 0 0 0 0 0 0 0 0 0 0 0 0 0 0 0 0 0 0 0 0 0 0 0 0 
0 0 0 0 0 0 0 0 0 0 0 0 0 0 0 0 0 0 0 0 0 -0.00100708 -0.00254822 -0.00868225 -0.0140533 -0.0258942 -0.0294495 -0.036438 -0.0294495 -0.0258942 -0.0140533 -0.00868225 -0.00254822 -0.00100708 0 0 0 0 0 0 0 0 0 0 0 0 0 0 0 0 0 0 0 0 0 0 0 0 0 0 0 0 0 0 0 0 0 0 0 0 0 0 0 0 0 0 0 0 0 0 0 0 0 0 0 0 0 0 0 0 0 0 0 0 0 0 0 0 0 0 
0 0 0 0 0 0 0 0 0 0 0 0 0 0 0 0 0 0 0 0 0 0 -0.00100708 -0.00254822 -0.00868225 -0.0140533 -0.0258942 -0.0294495 -0.036438 -0.0294495 -0.0258942 -0.0140533 -0.00868225 -0.00254822 -0.00100708 0 0 0 0 0 0 0 0 0 0 0 0 0 0 0 0 0 0 0 0 0 0 0 0 0 0 0 0 0 0 0 0 0 0 0 0 0 0 0 0 0 0 0 0 0 0 0 0 0 0 0 0 0 0 0 0 0 0 0 0 0 0 0 0 0 
0 0 0 0 0 0 0 0 0 0 0 0 0 0 0 0 0 0 0 0 0 0 0 -0.00100708 -0.00254822 -0.00868225 -0.0140533 -0.0258942 -0.0294495 -0.036438 -0.0294495 -0.0258942 -0.0140533 -0.00868225 -0.00254822 -0.00100708 0 0 0 0 0 0 0 0 0 0 0 0 0 0 0 0 0 0 0 0 0 0 0 0 0 0 0 0 0 0 0 0 0 0 0 0 0 0 0 0 0 0 0 0 0 0 0 0 0 0 0 0 0 0 0 0 0 0 0 0 0 0 0 0 
0 0 0 0 0 0 0 0 0 0 0 0 0 0 0 0 0 0 0 0 0 0 0 0 -0.00100708 -0.00254822 -0.00868225 -0.0140533 -0.0258942 -0.0294495 -0.036438 -0.0294495 -0.0258942 -0.0140533 -0.00868225 -0.00254822 -0.00100708 0 0 0 0 0 0 0 0 0 0 0 0 0 0 0 0 0 0 0 0 0 0 0 0 0 0 0 0 0 0 0 0 0 0 0 0 0 0 0 0 0 0 0 0 0 0 0 0 0 0 0 0 0 0 0 0 0 0 0 0 0 0 0 
0 0 0 0 0 0 0 0 0 0 0 0 0 0 0 0 0 0 0 0 0 0 0 0 0 -0.00100708 -0.00254822 -0.00868225 -0.0140533 -0.0258942 -0.0294495 -0.036438 -0.0294495 -0.0258942 -0.0140533 -0.00868225 -0.00254822 -0.00100708 0 0 0 0 0 0 0 0 0 0 0 0 0 0 0 0 0 0 0 0 0 0 0 0 0 0 0 0 0 0 0 0 0 0 0 0 0 0 0 0 0 0 0 0 0 0 0 0 0 0 0 0 0 0 0 0 0 0 0 0 0 0 
0 0 0 0 0 0 0 0 0 0 0 0 0 0 0 0 0 0 0 0 0 0 0 0 0 0 -0.00100708 -0.00254822 -0.00868225 -0.0140533 -0.0258942 -0.0294495 -0.036438 -0.0294495 -0.0258942 -0.0140533 -0.00868225 -0.00254822 -0.00100708 0 0 0 0 0 0 0 0 0 0 0 0 0 0 0 0 0 0 0 0 0 0 0 0 0 0 0 0 0 0 0 0 0 0 0 0 0 0 0 0 0 0 0 0 0 0 0 0 0 0 0 0 0 0 0 0 0 0 0 0 0 
0 0 0 0 0 0 0 0 0 0 0 0 0 0 0 0 0 0 0 0 0 0 0 0 0 0 0 -0.00100708 -0.00254822 -0.00868225 -0.0140533 -0.0258942 -0.0294495 -0.036438 -0.0294495 -0.0258942 -0.0140533 -0.00868225 -0.00254822 -0.00100708 0 0 0 0 0 0 0 0 0 0 0 0 0 0 0 0 0 0 0 0 0 0 0 0 0 0 0 0 0 0 0 0 0 0 0 0 0 0 0 0 0 0 0 0 0 0 0 0 0 0 0 0 0 0 0 0 0 0 0 0 
0 0 0 0 0 0 0 0 0 0 0 0 0 0 0 0 0 0 0 0 0 0 0 0 0 0 0 0 -0.00100708 -0.00254822 -0.00868225 -0.0140533 -0.0258942 -0.0294495 -0.036438 -0.0294495 -0.0258942 -0.0140533 -0.00868225 -0.00254822 -0.00100708 0 0 0 0 0 0 0 0 0 0 0 0 0 0 0 0 0 0 0 0 0 0 0 0 0 0 0 0 0 0 0 0 0 0 0 0 0 0 0 0 0 0 0 0 0 0 0 0 0 0 0 0 0 0 0 0 0 0 0 
0 0 0 0 0 0 0 0 0 0 0 0 0 0 0 0 0 0 0 0 0 0 0 0 0 0 0 0 0 -0.00100708 -0.00254822 -0.00868225 -0.0140533 -0.0258942 -0.0294495 -0.036438 -0.0294495 -0.0258942 -0.0140533 -0.00868225 -0.00254822 -0.00100708 0 0 0 0 0 0 0 0 0 0 0 0 0 0 0 0 0 0 0 0 0 0 0 0 0 0 0 0 0 0 0 0 0 0 0 0 0 0 0 0 0 0 0 0 0 0 0 0 0 0 0 0 0 0 0 0 0 0 
0 0 0 0 0 0 0 0 0 0 0 0 0 0 0 0 0 0 0 0 0 0 0 0 0 0 0 0 0 0 -0.00100708 -0.00254822 -0.00868225 -0.0140533 -0.0258942 -0.0294495 -0.036438 -0.0294495 -0.0258942 -0.0140533 -0.00868225 -0.00254822 -0.00100708 0 0 0 0 0 0 0 0 0 0 0 0 0 0 0 0 0 0 0 0 0 0 0 0 0 0 0 0 0 0 0 0 0 0 0 0 0 0 0 0 0 0 0 0 0 0 0 0 0 0 0 0 0 0 0 0 0 
0 0 0 0 0 0 0 0 0 0 0 0 0 0 0 0 0 0 0 0 0 0 0 0 0 0 0 0 0 0 0 -0.00100708 -0.00254822 -0.00868225 -0.0140533 -0.0258942 -0.0294495 -0.036438 -0.0294495 -0.0258942 -0.0140533 -0.00868225 -0.00254822 -0.00100708 0 0 0 0 0 0 0 0 0 0 0 0 0 0 0 0 0 0 0 0 0 0 0 0 0 0 0 0 0 0 0 0 0 0 0 0 0 0 0 0 0 0 0 0 0 0 0 0 0 0 0 0 0 0 0 0 
0 0 0 0 0 0 0 0 0 0 0 0 0 0 0 0 0 0 0 0 0 0 0 0 0 0 0 0 0 0 0 0 -0.00100708 -0.00254822 -0.00868225 -0.0140533 -0.0258942 -0.0294495 -0.036438 -0.0294495 -0.0258942 -0.0140533 -0.00868225 -0.00254822 -0.00100708 0 0 0 0 0 0 0 0 0 0 0 0 0 0 0 0 0 0 0 0 0 0 0 0 0 0 0 0 0 0 0 0 0 0 0 0 0 0 0 0 0 0 0 0 0 0 0 0 0 0 0 0 0 0 0 
0 0 0 0 0 0 0 0 0 0 0 0 0 0 0 0 0 0 0 0 0 0 0 0 0 0 0 0 0 0 0 0 0 -0.00100708 -0.00254822 -0.00868225 -0.0140533 -0.0258942 -0.0294495 -0.036438 -0.0294495 -0.0258942 -0.0140533 -0.00868225 -0.00254822 -0.00100708 0 0 0 0 0 0 0 0 0 0 0 0 0 0 0 0 0 0 0 0 0 0 0 0 0 0 0 0 0 0 0 0 0 0 0 0 0 0 0 0 0 0 0 0 0 0 0 0 0 0 0 0 0 0 
0 0 0 0 0 0 0 0 0 0 0 0 0 0 0 0 0 0 0 0 0 0 0 0 0 0 0 0 0 0 0 0 0 0 -0.00100708 -0.00254822 -0.00868225 -0.0140533 -0.0258942 -0.0294495 -0.036438 -0.0294495 -0.0258942 -0.0140533 -0.00868225 -0.00254822 -0.00100708 0 0 0 0 0 0 0 0 0 0 0 0 0 0 0 0 0 0 0 0 0 0 0 0 0 0 0 0 0 0 0 0 0 0 0 0 0 0 0 0 0 0 0 0 0 0 0 0 0 0 0 0 0 
0 0 0 0 0 0 0 0 0 0 0 0 0 0 0 0 0 0 0 0 0 0 0 0 0 0 0 0 0 0 0 0 0 0 0 -0.00100708 -0.00254822 -0.00868225 -0.0140533 -0.0258942 -0.0294495 -0.036438 -0.0294495 -0.0258942 -0.0140533 -0.00868225 -0.00254822 -0.00100708 0 0 0 0 0 0 0 0 0 0 0 0 0 0 0 0 0 0 0 0 0 0 0 0 0 0 0 0 0 0 0 0 0 0 0 0 0 0 0 0 0 0 0 0 0 0 0 0 0 0 0 0 
0 0 0 0 0 0 0 0 0 0 0 0 0 0 0 0 0 0 0 0 0 0 0 0 0 0 0 0 0 0 0 0 0 0 0 0 -0.00100708 -0.00254822 -0.00868225 -0.0140533 -0.0258942 -0.0294495 -0.036438 -0.0294495 -0.0258942 -0.0140533 -0.00868225 -0.00254822 -0.00100708 0 0 0 0 0 0 0 0 0 0 0 0 0 0 0 0 0 0 0 0 0 0 0 0 0 0 0 0 0 0 0 0 0 0 0 0 0 0 0 0 0 0 0 0 0 0 0 0 0 0 0 
0 0 0 0 0 0 0 0 0 0 0 0 0 0 0 0 0 0 0 0 0 0 0 0 0 0 0 0 0 0 0 0 0 0 0 0 0 -0.00100708 -0.00254822 -0.00868225 -0.0140533 -0.0258942 -0.0294495 -0.036438 -0.0294495 -0.0258942 -0.0140533 -0.00868225 -0.00254822 -0.00100708 0 0 0 0 0 0 0 0 0 0 0 0 0 0 0 0 0 0 0 0 0 0 0 0 0 0 0 0 0 0 0 0 0 0 0 0 0 0 0 0 0 0 0 0 0 0 0 0 0 0 
0 0 0 0 0 0 0 0 0 0 0 0 0 0 0 0 0 0 0 0 0 0 0 0 0 0 0 0 0 0 0 0 0 0 0 0 0 0 -0.00100708 -0.00254822 -0.00868225 -0.0140533 -0.0258942 -0.0294495 -0.036438 -0.0294495 -0.0258942 -0.0140533 -0.00868225 -0.00254822 -0.00100708 0 0 0 0 0 0 0 0 0 0 0 0 0 0 0 0 0 0 0 0 0 0 0 0 0 0 0 0 0 0 0 0 0 0 0 0 0 0 0 0 0 0 0 0 0 0 0 0 0 
0 0 0 0 0 0 0 0 0 0 0 0 0 0 0 0 0 0 0 0 0 0 0 0 0 0 0 0 0 0 0 0 0 0 0 0 0 0 0 -0.00100708 -0.00254822 -0.00868225 -0.0140533 -0.0258942 -0.0294495 -0.036438 -0.0294495 -0.0258942 -0.0140533 -0.00868225 -0.00254822 -0.00100708 0 0 0 0 0 0 0 0 0 0 0 0 0 0 0 0 0 0 0 0 0 0 0 0 0 0 0 0 0 0 0 0 0 0 0 0 0 0 0 0 0 0 0 0 0 0 0 0 
0 0 0 0 0 0 0 0 0 0 0 0 0 0 0 0 0 0 0 0 0 0 0 0 0 0 0 0 0 0 0 0 0 0 0 0 0 0 0 0 -0.00100708 -0.00254822 -0.00868225 -0.0140533 -0.0258942 -0.0294495 -0.036438 -0.0294495 -0.0258942 -0.0140533 -0.00868225 -0.00254822 -0.00100708 0 0 0 0 0 0 0 0 0 0 0 0 0 0 0 0 0 0 0 0 0 0 0 0 0 0 0 0 0 0 0 0 0 0 0 0 0 0 0 0 0 0 0 0 0 0 0 
0 0 0 0 0 0 0 0 0 0 0 0 0 0 0 0 0 0 0 0 0 0 0 0 0 0 0 0 0 0 0 0 0 0 0 0 0 0 0 0 0 -0.00100708 -0.00254822 -0.00868225 -0.0140533 -0.0258942 -0.0294495 -0.036438 -0.0294495 -0.0258942 -0.0140533 -0.00868225 -0.00254822 -0.00100708 0 0 0 0 0 0 0 0 0 0 0 0 0 0 0 0 0 0 0 0 0 0 0 0 0 0 0 0 0 0 0 0 0 0 0 0 0 0 0 0 0 0 0 0 0 0 
0 0 0 0 0 0 0 0 0 0 0 0 0 0 0 0 0 0 0 0 0 0 0 0 0 0 0 0 0 0 0 0 0 0 0 0 0 0 0 0 0 0 -0.00100708 -0.00254822 -0.00868225 -0.0140533 -0.0258942 -0.0294495 -0.036438 -0.0294495 -0.0258942 -0.0140533 -0.00868225 -0.00254822 -0.00100708 0 0 0 0 0 0 0 0 0 0 0 0 0 0 0 0 0 0 0 0 0 0 0 0 0 0 0 0 0 0 0 0 0 0 0 0 0 0 0 0 0 0 0 0 0 
0 0 0 0 0 0 0 0 0 0 0 0 0 0 0 0 0 0 0 0 0 0 0 0 0 0 0 0 0 0 0 0 0 0 0 0 0 0 0 0 0 0 0 -0.00100708 -0.00254822 -0.00868225 -0.0140533 -0.0258942 -0.0294495 -0.036438 -0.0294495 -0.0258942 -0.0140533 -0.00868225 -0.00254822 -0.00100708 0 0 0 0 0 0 0 0 0 0 0 0 0 0 0 0 0 0 0 0 0 0 0 0 0 0 0 0 0 0 0 0 0 0 0 0 0 0 0 0 0 0 0 0 
0 0 0 0 0 0 0 0 0 0 0 0 0 0 0 0 0 0 0 0 0 0 0 0 0 0 0 0 0 0 0 0 0 0 0 0 0 0 0 0 0 0 0 0 -0.00100708 -0.00254822 -0.00868225 -0.0140533 -0.0258942 -0.0294495 -0.036438 -0.0294495 -0.0258942 -0.0140533 -0.00868225 -0.00254822 -0.00100708 0 0 0 0 0 0 0 0 0 0 0 0 0 0 0 0 0 0 0 0 0 0 0 0 0 0 0 0 0 0 0 0 0 0 0 0 0 0 0 0 0 0 0 
0 0 0 0 0 0 0 0 0 0 0 0 0 0 0 0 0 0 0 0 0 0 0 0 0 0 0 0 0 0 0 0 0 0 0 0 0 0 0 0 0 0 0 0 0 -0.00100708 -0.00254822 -0.00868225 -0.0140533 -0.0258942 -0.0294495 -0.036438 -0.0294495 -0.0258942 -0.0140533 -0.00868225 -0.00254822 -0.00100708 0 0 0 0 0 0 0 0 0 0 0 0 0 0 0 0 0 0 0 0 0 0 0 0 0 0 0 0 0 0 0 0 0 0 0 0 0 0 0 0 0 0 
0 0 0 0 0 0 0 0 0 0 0 0 0 0 0 0 0 0 0 0 0 0 0 0 0 0 0 0 0 0 0 0 0 0 0 0 0 0 0 0 0 0 0 0 0 0 -0.00100708 -0.00254822 -0.00868225 -0.0140533 -0.0258942 -0.0294495 -0.036438 -0.0294495 -0.0258942 -0.0140533 -0.00868225 -0.00254822 -0.00100708 0 0 0 0 0 0 0 0 0 0 0 0 0 0 0 0 0 0 0 0 0 0 0 0 0 0 0 0 0 0 0 0 0 0 0 0 0 0 0 0 0 
0 0 0 0 0 0 0 0 0 0 0 0 0 0 0 0 0 0 0 0 0 0 0 0 0 0 0 0 0 0 0 0 0 0 0 0 0 0 0 0 0 0 0 0 0 0 0 -0.00100708 -0.00254822 -0.00868225 -0.0140533 -0.0258942 -0.0294495 -0.036438 -0.0294495 -0.0258942 -0.0140533 -0.00868225 -0.00254822 -0.00100708 0 0 0 0 0 0 0 0 0 0 0 0 0 0 0 0 0 0 0 0 0 0 0 0 0 0 0 0 0 0 0 0 0 0 0 0 0 0 0 0 
0 0 0 0 0 0 0 0 0 0 0 0 0 0 0 0 0 0 0 0 0 0 0 0 0 0 0 0 0 0 0 0 0 0 0 0 0 0 0 0 0 0 0 0 0 0 0 0 -0.00100708 -0.00254822 -0.00868225 -0.0140533 -0.0258942 -0.0294495 -0.036438 -0.0294495 -0.0258942 -0.0140533 -0.00868225 -0.00254822 -0.00100708 0 0 0 0 0 0 0 0 0 0 0 0 0 0 0 0 0 0 0 0 0 0 0 0 0 0 0 0 0 0 0 0 0 0 0 0 0 0 0 
0 0 0 0 0 0 0 0 0 0 0 0 0 0 0 0 0 0 0 0 0 0 0 0 0 0 0 0 0 0 0 0 0 0 0 0 0 0 0 0 0 0 0 0 0 0 0 0 0 -0.00100708 -0.00254822 -0.00868225 -0.0140533 -0.0258942 -0.0294495 -0.036438 -0.0294495 -0.0258942 -0.0140533 -0.00868225 -0.00254822 -0.00100708 0 0 0 0 0 0 0 0 0 0 0 0 0 0 0 0 0 0 0 0 0 0 0 0 0 0 0 0 0 0 0 0 0 0 0 0 0 0 
0 0 0 0 0 0 0 0 0 0 0 0 0 0 0 0 0 0 0 0 0 0 0 0 0 0 0 0 0 0 0 0 0 0 0 0 0 0 0 0 0 0 0 0 0 0 0 0 0 0 -0.00100708 -0.00254822 -0.00868225 -0.0140533 -0.0258942 -0.0294495 -0.036438 -0.0294495 -0.0258942 -0.0140533 -0.00868225 -0.00254822 -0.00100708 0 0 0 0 0 0 0 0 0 0 0 0 0 0 0 0 0 0 0 0 0 0 0 0 0 0 0 0 0 0 0 0 0 0 0 0 0 
0 0 0 0 0 0 0 0 0 0 0 0 0 0 0 0 0 0 0 0 0 0 0 0 0 0 0 0 0 0 0 0 0 0 0 0 0 0 0 0 0 0 0 0 0 0 0 0 0 0 0 -0.00100708 -0.00254822 -0.00868225 -0.0140533 -0.0258942 -0.0294495 -0.036438 -0.0294495 -0.0258942 -0.0140533 -0.00868225 -0.00254822 -0.00100708 0 0 0 0 0 0 0 0 0 0 0 0 0 0 0 0 0 0 0 0 0 0 0 0 0 0 0 0 0 0 0 0 0 0 0 0 
0 0 0 0 0 0 0 0 0 0 0 0 0 0 0 0 0 0 0 0 0 0 0 0 0 0 0 0 0 0 0 0 0 0 0 0 0 0 0 0 0 0 0 0 0 0 0 0 0 0 0 0 -0.00100708 -0.00254822 -0.00868225 -0.0140533 -0.0258942 -0.0294495 -0.036438 -0.0294495 -0.0258942 -0.0140533 -0.00868225 -0.00254822 -0.00100708 0 0 0 0 0 0 0 0 0 0 0 0 0 0 0 0 0 0 0 0 0 0 0 0 0 0 0 0 0 0 0 0 0 0 0 
0 0 0 0 0 0 0 0 0 0 0 0 0 0 0 0 0 0 0 0 0 0 0 0 0 0 0 0 0 0 0 0 0 0 0 0 0 0 0 0 0 0 0 0 0 0 0 0 0 0 0 0 0 -0.00100708 -0.00254822 -0.00868225 -0.0140533 -0.0258942 -0.0294495 -0.036438 -0.0294495 -0.0258942 -0.0140533 -0.00868225 -0.00254822 -0.00100708 0 0 0 0 0 0 0 0 0 0 0 0 0 0 0 0 0 0 0 0 0 0 0 0 0 0 0 0 0 0 0 0 0 0 
0 0 0 0 0 0 0 0 0 0 0 0 0 0 0 0 0 0 0 0 0 0 0 0 0 0 0 0 0 0 0 0 0 0 0 0 0 0 0 0 0 0 0 0 0 0 0 0 0 0 0 0 0 0 -0.00100708 -0.00254822 -0.00868225 -0.0140533 -0.0258942 -0.0294495 -0.036438 -0.0294495 -0.0258942 -0.0140533 -0.00868225 -0.00254822 -0.00100708 0 0 0 0 0 0 0 0 0 0 0 0 0 0 0 0 0 0 0 0 0 0 0 0 0 0 0 0 0 0 0 0 0 
0 0 0 0 0 0 0 0 0 0 0 0 0 0 0 0 0 0 0 0 0 0 0 0 0 0 0 0 0 0 0 0 0 0 0 0 0 0 0 0 0 0 0 0 0 0 0 0 0 0 0 0 0 0 0 -0.00100708 -0.00254822 -0.00868225 -0.0140533 -0.0258942 -0.0294495 -0.036438 -0.0294495 -0.0258942 -0.0140533 -0.00868225 -0.00254822 -0.00100708 0 0 0 0 0 0 0 0 0 0 0 0 0 0 0 0 0 0 0 0 0 0 0 0 0 0 0 0 0 0 0 0 
0 0 0 0 0 0 0 0 0 0 0 0 0 0 0 0 0 0 0 0 0 0 0 0 0 0 0 0 0 0 0 0 0 0 0 0 0 0 0 0 0 0 0 0 0 0 0 0 0 0 0 0 0 0 0 0 -0.00100708 -0.00254822 -0.00868225 -0.0140533 -0.0258942 -0.0294495 -0.036438 -0.0294495 -0.0258942 -0.0140533 -0.00868225 -0.00254822 -0.00100708 0 0 0 0 0 0 0 0 0 0 0 0 0 0 0 0 0 0 0 0 0 0 0 0 0 0 0 0 0 0 0 
0 0 0 0 0 0 0 0 0 0 0 0 0 0 0 0 0 0 0 0 0 0 0 0 0 0 0 0 0 0 0 0 0 0 0 0 0 0 0 0 0 0 0 0 0 0 0 0 0 0 0 0 0 0 0 0 0 -0.00100708 -0.00254822 -0.00868225 -0.0140533 -0.0258942 -0.0294495 -0.036438 -0.0294495 -0.0258942 -0.0140533 -0.00868225 -0.00254822 -0.00100708 0 0 0 0 0 0 0 0 0 0 0 0 0 0 0 0 0 0 0 0 0 0 0 0 0 0 0 0 0 0 
0 0 0 0 0 0 0 0 0 0 0 0 0 0 0 0 0 0 0 0 0 0 0 0 0 0 0 0 0 0 0 0 0 0 0 0 0 0 0 0 0 0 0 0 0 0 0 0 0 0 0 0 0 0 0 0 0 0 -0.00100708 -0.00254822 -0.00868225 -0.0140533 -0.0258942 -0.0294495 -0.036438 -0.0294495 -0.0258942 -0.0140533 -0.00868225 -0.00254822 -0.00100708 0 0 0 0 0 0 0 0 0 0 0 0 0 0 0 0 0 0 0 0 0 0 0 0 0 0 0 0 0 
0 0 0 0 0 0 0 0 0 0 0 0 0 0 0 0 0 0 0 0 0 0 0 0 0 0 0 0 0 0 0 0 0 0 0 0 0 0 0 0 0 0 0 0 0 0 0 0 0 0 0 0 0 0 0 0 0 0 0 -0.00100708 -0.00254822 -0.00868225 -0.0140533 -0.0258942 -0.0294495 -0.036438 -0.0294495 -0.0258942 -0.0140533 -0.00868225 -0.00254822 -0.00100708 0 0 0 0 0 0 0 0 0 0 0 0 0 0 0 0 0 0 0 0 0 0 0 0 0 0 0 0 
0 0 0 0 0 0 0 0 0 0 0 0 0 0 0 0 0 0 0 0 0 0 0 0 0 0 0 0 0 0 0 0 0 0 0 0 0 0 0 0 0 0 0 0 0 0 0 0 0 0 0 0 0 0 0 0 0 0 0 0 -0.00100708 -0.00254822 -0.00868225 -0.0140533 -0.0258942 -0.0294495 -0.036438 -0.0294495 -0.0258942 -0.0140533 -0.00868225 -0.00254822 -0.00100708 0 0 0 0 0 0 0 0 0 0 0 0 0 0 0 0 0 0 0 0 0 0 0 0 0 0 0 
0 0 0 0 0 0 0 0 0 0 0 0 0 0 0 0 0 0 0 0 0 0 0 0 0 0 0 0 0 0 0 0 0 0 0 0 0 0 0 0 0 0 0 0 0 0 0 0 0 0 0 0 0 0 0 0 0 0 0 0 0 -0.00100708 -0.00254822 -0.00868225 -0.0140533 -0.0258942 -0.0294495 -0.036438 -0.0294495 -0.0258942 -0.0140533 -0.00868225 -0.00254822 -0.00100708 0 0 0 0 0 0 0 0 0 0 0 0 0 0 0 0 0 0 0 0 0 0 0 0 0 0 
0 0 0 0 0 0 0 0 0 0 0 0 0 0 0 0 0 0 0 0 0 0 0 0 0 0 0 0 0 0 0 0 0 0 0 0 0 0 0 0 0 0 0 0 0 0 0 0 0 0 0 0 0 0 0 0 0 0 0 0 0 0 -0.00100708 -0.00254822 -0.00868225 -0.0140533 -0.0258942 -0.0294495 -0.036438 -0.0294495 -0.0258942 -0.0140533 -0.00868225 -0.00254822 -0.00100708 0 0 0 0 0 0 0 0 0 0 0 0 0 0 0 0 0 0 0 0 0 0 0 0 0 
0 0 0 0 0 0 0 0 0 0 0 0 0 0 0 0 0 0 0 0 0 0 0 0 0 0 0 0 0 0 0 0 0 0 0 0 0 0 0 0 0 0 0 0 0 0 0 0 0 0 0 0 0 0 0 0 0 0 0 0 0 0 0 -0.00100708 -0.00254822 -0.00868225 -0.0140533 -0.0258942 -0.0294495 -0.036438 -0.0294495 -0.0258942 -0.0140533 -0.00868225 -0.00254822 -0.00100708 0 0 0 0 0 0 0 0 0 0 0 0 0 0 0 0 0 0 0 0 0 0 0 0 
0 0 0 0 0 0 0 0 0 0 0 0 0 0 0 0 0 0 0 0 0 0 0 0 0 0 0 0 0 0 0 0 0 0 0 0 0 0 0 0 0 0 0 0 0 0 0 0 0 0 0 0 0 0 0 0 0 0 0 0 0 0 0 0 -0.00100708 -0.00254822 -0.00868225 -0.0140533 -0.0258942 -0.0294495 -0.036438 -0.0294495 -0.0258942 -0.0140533 -0.00868225 -0.00254822 -0.00100708 0 0 0 0 0 0 0 0 0 0 0 0 0 0 0 0 0 0 0 0 0 0 0 
0 0 0 0 0 0 0 0 0 0 0 0 0 0 0 0 0 0 0 0 0 0 0 0 0 0 0 0 0 0 0 0 0 0 0 0 0 0 0 0 0 0 0 0 0 0 0 0 0 0 0 0 0 0 0 0 0 0 0 0 0 0 0 0 0 -0.00100708 -0.00254822 -0.00868225 -0.0140533 -0.0258942 -0.0294495 -0.036438 -0.0294495 -0.0258942 -0.0140533 -0.00868225 -0.00254822 -0.00100708 0 0 0 0 0 0 0 0 0 0 0 0 0 0 0 0 0 0 0 0 0 0 
0 0 0 0 0 0 0 0 0 0 0 0 0 0 0 0 0 0 0 0 0 0 0 0 0 0 0 0 0 0 0 0 0 0 0 0 0 0 0 0 0 0 0 0 0 0 0 0 0 0 0 0 0 0 0 0 0 0 0 0 0 0 0 0 0 0 -0.00100708 -0.00254822 -0.00868225 -0.0140533 -0.0258942 -0.0294495 -0.036438 -0.0294495 -0.0258942 -0.0140533 -0.00868225 -0.00254822 -0.00100708 0 0 0 0 0 0 0 0 0 0 0 0 0 0 0 0 0 0 0 0 0 
0 0 0 0 0 0 0 0 0 0 0 0 0 0 0 0 0 0 0 0 0 0 0 0 0 0 0 0 0 0 0 0 0 0 0 0 0 0 0 0 0 0 0 0 0 0 0 0 0 0 0 0 0 0 0 0 0 0 0 0 0 0 0 0 0 0 0 -0.00100708 -0.00254822 -0.00868225 -0.0140533 -0.0258942 -0.0294495 -0.036438 -0.0294495 -0.0258942 -0.0140533 -0.00868225 -0.00254822 -0.00100708 0 0 0 0 0 0 0 0 0 0 0 0 0 0 0 0 0 0 0 0 
0 0 0 0 0 0 0 0 0 0 0 0 0 0 0 0 0 0 0 0 0 0 0 0 0 0 0 0 0 0 0 0 0 0 0 0 0 0 0 0 0 0 0 0 0 0 0 0 0 0 0 0 0 0 0 0 0 0 0 0 0 0 0 0 0 0 0 0 -0.00100708 -0.00254822 -0.00868225 -0.0140533 -0.0258942 -0.0294495 -0.036438 -0.0294495 -0.0258942 -0.0140533 -0.00868225 -0.00254822 -0.00100708 0 0 0 0 0 0 0 0 0 0 0 0 0 0 0 0 0 0 0 
0 0 0 0 0 0 0 0 0 0 0 0 0 0 0 0 0 0 0 0 0 0 0 0 0 0 0 0 0 0 0 0 0 0 0 0 0 0 0 0 0 0 0 0 0 0 0 0 0 0 0 0 0 0 0 0 0 0 0 0 0 0 0 0 0 0 0 0 0 -0.00100708 -0.00254822 -0.00868225 -0.0140533 -0.0258942 -0.0294495 -0.036438 -0.0294495 -0.0258942 -0.0140533 -0.00868225 -0.00254822 -0.00100708 0 0 0 0 0 0 0 0 0 0 0 0 0 0 0 0 0 0 
0 0 0 0 0 0 0 0 0 0 0 0 0 0 0 0 0 0 0 0 0 0 0 0 0 0 0 0 0 0 0 0 0 0 0 0 0 0 0 0 0 0 0 0 0 0 0 0 0 0 0 0 0 0 0 0 0 0 0 0 0 0 0 0 0 0 0 0 0 0 -0.00100708 -0.00254822 -0.00868225 -0.0140533 -0.0258942 -0.0294495 -0.036438 -0.0294495 -0.0258942 -0.0140533 -0.00868225 -0.00254822 -0.00100708 0 0 0 0 0 0 0 0 0 0 0 0 0 0 0 0 0 
0 0 0 0 0 0 0 0 0 0 0 0 0 0 0 0 0 0 0 0 0 0 0 0 0 0 0 0 0 0 0 0 0 0 0 0 0 0 0 0 0 0 0 0 0 0 0 0 0 0 0 0 0 0 0 0 0 0 0 0 0 0 0 0 0 0 0 0 0 0 0 -0.00100708 -0.00254822 -0.00868225 -0.0140533 -0.0258942 -0.0294495 -0.036438 -0.0294495 -0.0258942 -0.0140533 -0.00868225 -0.00254822 -0.00100708 0 0 0 0 0 0 0 0 0 0 0 0 0 0 0 0 
0 0 0 0 0 0 0 0 0 0 0 0 0 0 0 0 0 0 0 0 0 0 0 0 0 0 0 0 0 0 0 0 0 0 0 0 0 0 0 0 0 0 0 0 0 0 0 0 0 0 0 0 0 0 0 0 0 0 0 0 0 0 0 0 0 0 0 0 0 0 0 0 -0.00100708 -0.00254822 -0.00868225 -0.0140533 -0.0258942 -0.0294495 -0.036438 -0.0294495 -0.0258942 -0.0140533 -0.00868225 -0.00254822 -0.00100708 0 0 0 0 0 0 0 0 0 0 0 0 0 0 0 
0 0 0 0 0 0 0 0 0 0 0 0 0 0 0 0 0 0 0 0 0 0 0 0 0 0 0 0 0 0 0 0 0 0 0 0 0 0 0 0 0 0 0 0 0 0 0 0 0 0 0 0 0 0 0 0 0 0 0 0 0 0 0 0 0 0 0 0 0 0 0 0 0 -0.00100708 -0.00254822 -0.00868225 -0.0140533 -0.0258942 -0.0294495 -0.036438 -0.0294495 -0.0258942 -0.0140533 -0.00868225 -0.00254822 -0.00100708 0 0 0 0 0 0 0 0 0 0 0 0 0 0 
0 0 0 0 0 0 0 0 0 0 0 0 0 0 0 0 0 0 0 0 0 0 0 0 0 0 0 0 0 0 0 0 0 0 0 0 0 0 0 0 0 0 0 0 0 0 0 0 0 0 0 0 0 0 0 0 0 0 0 0 0 0 0 0 0 0 0 0 0 0 0 0 0 0 -0.00100708 -0.00254822 -0.00868225 -0.0140533 -0.0258942 -0.0294495 -0.036438 -0.0294495 -0.0258942 -0.0140533 -0.00868225 -0.00254822 -0.00100708 0 0 0 0 0 0 0 0 0 0 0 0 0 
0 0 0 0 0 0 0 0 0 0 0 0 0 0 0 0 0 0 0 0 0 0 0 0 0 0 0 0 0 0 0 0 0 0 0 0 0 0 0 0 0 0 0 0 0 0 0 0 0 0 0 0 0 0 0 0 0 0 0 0 0 0 0 0 0 0 0 0 0 0 0 0 0 0 0 -0.00100708 -0.00254822 -0.00868225 -0.0140533 -0.0258942 -0.0294495 -0.036438 -0.0294495 -0.0258942 -0.0140533 -0.00868225 -0.00254822 -0.00100708 0 0 0 0 0 0 0 0 0 0 0 0 
0 0 0 0 0 0 0 0 0 0 0 0 0 0 0 0 0 0 0 0 0 0 0 0 0 0 0 0 0 0 0 0 0 0 0 0 0 0 0 0 0 0 0 0 0 0 0 0 0 0 0 0 0 0 0 0 0 0 0 0 0 0 0 0 0 0 0 0 0 0 0 0 0 0 0 0 -0.00100708 -0.00254822 -0.00868225 -0.0140533 -0.0258942 -0.0294495 -0.036438 -0.0294495 -0.0258942 -0.0140533 -0.00868225 -0.00254822 -0.00100708 0 0 0 0 0 0 0 0 0 0 0 
0 0 0 0 0 0 0 0 0 0 0 0 0 0 0 0 0 0 0 0 0 0 0 0 0 0 0 0 0 0 0 0 0 0 0 0 0 0 0 0 0 0 0 0 0 0 0 0 0 0 0 0 0 0 0 0 0 0 0 0 0 0 0 0 0 0 0 0 0 0 0 0 0 0 0 0 0 -0.00100708 -0.00254822 -0.00868225 -0.0140533 -0.0258942 -0.0294495 -0.036438 -0.0294495 -0.0258942 -0.0140533 -0.00868225 -0.00254822 -0.00100708 0 0 0 0 0 0 0 0 0 0 
0 0 0 0 0 0 0 0 0 0 0 0 0 0 0 0 0 0 0 0 0 0 0 0 0 0 0 0 0 0 0 0 0 0 0 0 0 0 0 0 0 0 0 0 0 0 0 0 0 0 0 0 0 0 0 0 0 0 0 0 0 0 0 0 0 0 0 0 0 0 0 0 0 0 0 0 0 0 -0.00100708 -0.00254822 -0.00868225 -0.0140533 -0.0258942 -0.0294495 -0.036438 -0.0294495 -0.0258942 -0.0140533 -0.00868225 -0.00254822 -0.00100708 0 0 0 0 0 0 0 0 0 
0 0 0 0 0 0 0 0 0 0 0 0 0 0 0 0 0 0 0 0 0 0 0 0 0 0 0 0 0 0 0 0 0 0 0 0 0 0 0 0 0 0 0 0 0 0 0 0 0 0 0 0 0 0 0 0 0 0 0 0 0 0 0 0 0 0 0 0 0 0 0 0 0 0 0 0 0 0 0 -0.00100708 -0.00254822 -0.00868225 -0.0140533 -0.0258942 -0.0294495 -0.036438 -0.0294495 -0.0258942 -0.0140533 -0.00868225 -0.00254822 -0.00100708 0 0 0 0 0 0 0 0 
0 0 0 0 0 0 0 0 0 0 0 0 0 0 0 0 0 0 0 0 0 0 0 0 0 0 0 0 0 0 0 0 0 0 0 0 0 0 0 0 0 0 0 0 0 0 0 0 0 0 0 0 0 0 0 0 0 0 0 0 0 0 0 0 0 0 0 0 0 0 0 0 0 0 0 0 0 0 0 0 -0.00100708 -0.00254822 -0.00868225 -0.0140533 -0.0258942 -0.0294495 -0.036438 -0.0294495 -0.0258942 -0.0140533 -0.00868225 -0.00254822 -0.00100708 0 0 0 0 0 0 0 
0 0 0 0 0 0 0 0 0 0 0 0 0 0 0 0 0 0 0 0 0 0 0 0 0 0 0 0 0 0 0 0 0 0 0 0 0 0 0 0 0 0 0 0 0 0 0 0 0 0 0 0 0 0 0 0 0 0 0 0 0 0 0 0 0 0 0 0 0 0 0 0 0 0 0 0 0 0 0 0 0 -0.00100708 -0.00254822 -0.00868225 -0.0140533 -0.0258942 -0.0294495 -0.036438 -0.0294495 -0.0258942 -0.0140533 -0.00868225 -0.00254822 -0.00100708 0 0 0 0 0 0 
0 0 0 0 0 0 0 0 0 0 0 0 0 0 0 0 0 0 0 0 0 0 0 0 0 0 0 0 0 0 0 0 0 0 0 0 0 0 0 0 0 0 0 0 0 0 0 0 0 0 0 0 0 0 0 0 0 0 0 0 0 0 0 0 0 0 0 0 0 0 0 0 0 0 0 0 0 0 0 0 0 0 -0.00100708 -0.00254822 -0.00868225 -0.0140533 -0.0258942 -0.0294495 -0.036438 -0.0294495 -0.0258942 -0.0140533 -0.00868225 -0.00254822 -0.00100708 0 0 0 0 0 
0 0 0 0 0 0 0 0 0 0 0 0 0 0 0 0 0 0 0 0 0 0 0 0 0 0 0 0 0 0 0 0 0 0 0 0 0 0 0 0 0 0 0 0 0 0 0 0 0 0 0 0 0 0 0 0 0 0 0 0 0 0 0 0 0 0 0 0 0 0 0 0 0 0 0 0 0 0 0 0 0 0 0 -0.00100708 -0.00254822 -0.00868225 -0.0140533 -0.0258942 -0.0294495 -0.036438 -0.0294495 -0.0258942 -0.0140533 -0.00868225 -0.00254822 -0.00100708 0 0 0 0 
0 0 0 0 0 0 0 0 0 0 0 0 0 0 0 0 0 0 0 0 0 0 0 0 0 0 0 0 0 0 0 0 0 0 0 0 0 0 0 0 0 0 0 0 0 0 0 0 0 0 0 0 0 0 0 0 0 0 0 0 0 0 0 0 0 0 0 0 0 0 0 0 0 0 0 0 0 0 0 0 0 0 0 0 -0.00100708 -0.00254822 -0.00868225 -0.0140533 -0.0258942 -0.0294495 -0.036438 -0.0294495 -0.0258942 -0.0140533 -0.00868225 -0.00254822 -0.00100708 0 0 0 
0 0 0 0 0 0 0 0 0 0 0 0 0 0 0 0 0 0 0 0 0 0 0 0 0 0 0 0 0 0 0 0 0 0 0 0 0 0 0 0 0 0 0 0 0 0 0 0 0 0 0 0 0 0 0 0 0 0 0 0 0 0 0 0 0 0 0 0 0 0 0 0 0 0 0 0 0 0 0 0 0 0 0 0 0 -0.00100708 -0.00254822 -0.00868225 -0.0140533 -0.0258942 -0.0294495 -0.036438 -0.0294495 -0.0258942 -0.0140533 -0.00868225 -0.00254822 -0.00100708 0 0 
0 0 0 0 0 0 0 0 0 0 0 0 0 0 0 0 0 0 0 0 0 0 0 0 0 0 0 0 0 0 0 0 0 0 0 0 0 0 0 0 0 0 0 0 0 0 0 0 0 0 0 0 0 0 0 0 0 0 0 0 0 0 0 0 0 0 0 0 0 0 0 0 0 0 0 0 0 0 0 0 0 0 0 0 0 0 -0.00100708 -0.00254822 -0.00868225 -0.0140533 -0.0258942 -0.0294495 -0.036438 -0.0294495 -0.0258942 -0.0140533 -0.00868225 -0.00254822 -0.00100708 0 
0 0 0 0 0 0 0 0 0 0 0 0 0 0 0 0 0 0 0 0 0 0 0 0 0 0 0 0 0 0 0 0 0 0 0 0 0 0 0 0 0 0 0 0 0 0 0 0 0 0 0 0 0 0 0 0 0 0 0 0 0 0 0 0 0 0 0 0 0 0 0 0 0 0 0 0 0 0 0 0 0 0 0 0 0 0 0 -0.00100708 -0.00254822 -0.00868225 -0.0140533 -0.0258942 -0.0294495 -0.036438 -0.0294495 -0.0258942 -0.0140533 -0.00868225 -0.00254822 -0.00164795 
0 0 0 0 0 0 0 0 0 0 0 0 0 0 0 0 0 0 0 0 0 0 0 0 0 0 0 0 0 0 0 0 0 0 0 0 0 0 0 0 0 0 0 0 0 0 0 0 0 0 0 0 0 0 0 0 0 0 0 0 0 0 0 0 0 0 0 0 0 0 0 0 0 0 0 0 0 0 0 0 0 0 0 0 0 0 0 0 -0.00100708 -0.00254822 -0.00868225 -0.0140533 -0.0258942 -0.0294495 -0.036438 -0.0294495 -0.0258942 -0.0140533 -0.00924683 -0.00456238 
0 0 0 0 0 0 0 0 0 0 0 0 0 0 0 0 0 0 0 0 0 0 0 0 0 0 0 0 0 0 0 0 0 0 0 0 0 0 0 0 0 0 0 0 0 0 0 0 0 0 0 0 0 0 0 0 0 0 0 0 0 0 0 0 0 0 0 0 0 0 0 0 0 0 0 0 0 0 0 0 0 0 0 0 0 0 0 0 0 -0.00100708 -0.00254822 -0.00868225 -0.0140533 -0.0258942 -0.0294495 -0.036438 -0.0294495 -0.0263367 -0.0156708 -0.0142059 
0 0 0 0 0 0 0 0 0 0 0 0 0 0 0 0 0 0 0 0 0 0 0 0 0 0 0 0 0 0 0 0 0 0 0 0 0 0 0 0 0 0 0 0 0 0 0 0 0 0 0 0 0 0 0 0 0 0 0 0 0 0 0 0 0 0 0 0 0 0 0 0 0 0 0 0 0 0 0 0 0 0 0 0 0 0 0 0 0 0 -0.00100708 -0.00254822 -0.00868225 -0.0140533 -0.0258942 -0.0294495 -0.0368347 -0.0306549 -0.0299683 -0.0235443 
0 0 0 0 0 0 0 0 0 0 0 0 0 0 0 0 0 0 0 0 0 0 0 0 0 0 0 0 0 0 0 0 0 0 0 0 0 0 0 0 0 0 0 0 0 0 0 0 0 0 0 0 0 0 0 0 0 0 0 0 0 0 0 0 0 0 0 0 0 0 0 0 0 0 0 0 0 0 0 0 0 0 0 0 0 0 0 0 0 0 0 -0.00100708 -0.00254822 -0.00868225 -0.0140533 -0.0263367 -0.0306549 -0.0397491 -0.0362244 -0.0387573 
0 0 0 0 0 0 0 0 0 0 0 0 0 0 0 0 0 0 0 0 0 0 0 0 0 0 0 0 0 0 0 0 0 0 0 0 0 0 0 0 0 0 0 0 0 0 0 0 0 0 0 0 0 0 0 0 0 0 0 0 0 0 0 0 0 0 0 0 0 0 0 0 0 0 0 0 0 0 0 0 0 0 0 0 0 0 0 0 0 0 0 0 -0.00100708 -0.00254822 -0.00924683 -0.0156708 -0.0299683 -0.0362244 -0.0463867 -0.0446014 
0 0 0 0 0 0 0 0 0 0 0 0 0 0 0 0 0 0 0 0 0 0 0 0 0 0 0 0 0 0 0 0 0 0 0 0 0 0 0 0 0 0 0 0 0 0 0 0 0 0 0 0 0 0 0 0 0 0 0 0 0 0 0 0 0 0 0 0 0 0 0 0 0 0 0 0 0 0 0 0 0 0 0 0 0 0 0 0 0 0 0 0 0 -0.00164795 -0.00456238 -0.0142059 -0.0235443 -0.0387573 -0.0446014 -0.0506439 
