-0.0466156 -0.0450897 -0.0357819 -0.0266113 -0.0144958 -0.00741577 -0.00218201 -0.000656128 0 0 0 0 0 0 0 0 0 0 0 0 0 0 0 0 0 0 0 0 0 0 0 0 0 0 0 0 0 0 0 0 0 0 0 0 0 0 0 0 0 0 0 0 0 0 0 0 0 0 0 0 0 0 0 0 0 0 0 0 0 0 0 0 0 0 0 0 0 0 0 0 0 0 0 0 0 0 0 0 0 0 0 0 0 0 0 0 0 0 0 0 
-0.0450897 -0.0415955 -0.038208 -0.0272064 -0.0190735 -0.00921631 -0.00462341 -0.0012207 -0.000396729 0 0 0 0 0 0 0 0 0 0 0 0 0 0 0 0 0 0 0 0 0 0 0 0 0 0 0 0 0 0 0 0 0 0 0 0 0 0 0 0 0 0 0 0 0 0 0 0 0 0 0 0 0 0 0 0 0 0 0 0 0 0 0 0 0 0 0 0 0 0 0 0 0 0 0 0 0 0 0 0 0 0 0 0 0 0 0 0 0 0 0 
-0.0357819 -0.038208 -0.0346985 -0.0326996 -0.0232239 -0.0168304 -0.00837708 -0.00437927 -0.0012207 -0.000396729 0 0 0 0 0 0 0 0 0 0 0 0 0 0 0 0 0 0 0 0 0 0 0 0 0 0 0 0 0 0 0 0 0 0 0 0 0 0 0 0 0 0 0 0 0 0 0 0 0 0 0 0 0 0 0 0 0 0 0 0 0 0 0 0 0 0 0 0 0 0 0 0 0 0 0 0 0 0 0 0 0 0 0 0 0 0 0 0 0 0 
-0.0266113 -0.0272064 -0.0326996 -0.0314026 -0.0309906 -0.0225677 -0.0166321 -0.00837708 -0.00437927 -0.0012207 -0.000396729 0 0 0 0 0 0 0 0 0 0 0 0 0 0 0 0 0 0 0 0 0 0 0 0 0 0 0 0 0 0 0 0 0 0 0 0 0 0 0 0 0 0 0 0 0 0 0 0 0 0 0 0 0 0 0 0 0 0 0 0 0 0 0 0 0 0 0 0 0 0 0 0 0 0 0 0 0 0 0 0 0 0 0 0 0 0 0 0 0 
-0.0144958 -0.0190735 -0.0232239 -0.0309906 -0.030838 -0.0308228 -0.0225677 -0.0166321 -0.00837708 -0.00437927 -0.0012207 -0.000396729 0 0 0 0 0 0 0 0 0 0 0 0 0 0 0 0 0 0 0 0 0 0 0 0 0 0 0 0 0 0 0 0 0 0 0 0 0 0 0 0 0 0 0 0 0 0 0 0 0 0 0 0 0 0 0 0 0 0 0 0 0 0 0 0 0 0 0 0 0 0 0 0 0 0 0 0 0 0 0 0 0 0 0 0 0 0 0 0 
-0.00741577 -0.00921631 -0.0168304 -0.0225677 -0.0308228 -0.030838 -0.0308228 -0.0225677 -0.0166321 -0.00837708 -0.00437927 -0.0012207 -0.000396729 0 0 0 0 0 0 0 0 0 0 0 0 0 0 0 0 0 0 0 0 0 0 0 0 0 0 0 0 0 0 0 0 0 0 0 0 0 0 0 0 0 0 0 0 0 0 0 0 0 0 0 0 0 0 0 0 0 0 0 0 0 0 0 0 0 0 0 0 0 0 0 0 0 0 0 0 0 0 0 0 0 0 0 0 0 0 0 
-0.00218201 -0.00462341 -0.00837708 -0.0166321 -0.0225677 -0.0308228 -0.030838 -0.0308228 -0.0225677 -0.0166321 -0.00837708 -0.00437927 -0.0012207 -0.000396729 0 0 0 0 0 0 0 0 0 0 0 0 0 0 0 0 0 0 0 0 0 0 0 0 0 0 0 0 0 0 0 0 0 0 0 0 0 0 0 0 0 0 0 0 0 0 0 0 0 0 0 0 0 0 0 0 0 0 0 0 0 0 0 0 0 0 0 0 0 0 0 0 0 0 0 0 0 0 0 0 0 0 0 0 0 0 
-0.000656128 -0.0012207 -0.00437927 -0.00837708 -0.0166321 -0.0225677 -0.0308228 -0.030838 -0.0308228 -0.0225677 -0.0166321 -0.00837708 -0.00437927 -0.0012207 -0.000396729 0 0 0 0 0 0 0 0 0 0 0 0 0 0 0 0 0 0 0 0 0 0 0 0 0 0 0 0 0 0 0 0 0 0 0 0 0 0 0 0 0 0 0 0 0 0 0 0 0 0 0 0 0 0 0 0 0 0 0 0 0 0 0 0 0 0 0 0 0 0 0 0 0 0 0 0 0 0 0 0 0 0 0 0 0 
0 -0.000396729 -0.0012207 -0.00437927 -0.00837708 -0.0166321 -0.0225677 -0.0308228 -0.030838 -0.0308228 -0.0225677 -0.0166321 -0.00837708 -0.00437927 -0.0012207 -0.000396729 0 0 0 0 0 0 0 0 0 0 0 0 0 0 0 0 0 0 0 0 0 0 0 0 0 0 0 0 0 0 0 0 0 0 0 0 0 0 0 0 0 0 0 0 0 0 0 0 0 0 0 0 0 0 0 0 0 0 0 0 0 0 0 0 0 0 0 0 0 0 0 0 0 0 0 0 0 0 0 0 0 0 0 0 
0 0 -0.000396729 -0.0012207 -0.00437927 -0.00837708 -0.0166321 -0.0225677 -0.0308228 -0.030838 -0.0308228 -0.0225677 -0.0166321 -0.00837708 -0.00437927 -0.0012207 -0.000396729 0 0 0 0 0 0 0 0 0 0 0 0 0 0 0 0 0 0 0 0 0 0 0 0 0 0 0 0 0 0 0 0 0 0 0 0 0 0 0 0 0 0 0 0 0 0 0 0 0 0 0 0 0 0 0 0 0 0 0 0 0 0 0 0 0 0 0 0 0 0 0 0 0 0 0 0 0 0 0 0 0 0 0 
0 0 0 -0.000396729 -0.0012207 -0.00437927 -0.00837708 -0.0166321 -0.0225677 -0.0308228 -0.030838 -0.0308228 -0.0225677 -0.0166321 -0.00837708 -0.00437927 -0.0012207 -0.000396729 0 0 0 0 0 0 0 0 0 0 0 0 0 0 0 0 0 0 0 0 0 0 0 0 0 0 0 0 0 0 0 0 0 0 0 0 0 0 0 0 0 0 0 0 0 0 0 0 0 0 0 0 0 0 0 0 0 0 0 0 0 0 0 0 0 0 0 0 0 0 0 0 0 0 0 0 0 0 0 0 0 0 
0 0 0 0 -0.000396729 -0.0012207 -0.00437927 -0.00837708 -0.0166321 -0.0225677 -0.0308228 -0.030838 -0.0308228 -0.0225677 -0.0166321 -0.00837708 -0.00437927 -0.0012207 -0.000396729 0 0 0 0 0 0 0 0 0 0 0 0 0 0 0 0 0 0 0 0 0 0 0 0 0 0 0 0 0 0 0 0 0 0 0 0 0 0 0 0 0 0 0 0 0 0 0 0 0 0 0 0 0 0 0 0 0 0 0 0 0 0 0 0 0 0 0 0 0 0 0 0 0 0 0 0 0 0 0 0 0 
0 0 0 0 0 -0.000396729 -0.0012207 -0.00437927 -0.00837708 -0.0166321 -0.0225677 -0.0308228 -0.030838 -0.0308228 -0.0225677 -0.0166321 -0.00837708 -0.00437927 -0.0012207 -0.000396729 0 0 0 0 0 0 0 0 0 0 0 0 0 0 0 0 0 0 0 0 0 0 0 0 0 0 0 0 0 0 0 0 0 0 0 0 0 0 0 0 0 0 0 0 0 0 0 0 0 0 0 0 0 0 0 0 0 0 0 0 0 0 0 0 0 0 0 0 0 0 0 0 0 0 0 0 0 0 0 0 
0 0 0 0 0 0 -0.000396729 -0.0012207 -0.00437927 -0.00837708 -0.0166321 -0.0225677 -0.0308228 -0.030838 -0.0308228 -0.0225677 -0.0166321 -0.00837708 -0.00437927 -0.0012207 -0.000396729 0 0 0 0 0 0 0 0 0 0 0 0 0 0 0 0 0 0 0 0 0 0 0 0 0 0 0 0 0 0 0 0 0 0 0 0 0 0 0 0 0 0 0 0 0 0 0 0 0 0 0 0 0 0 0 0 0 0 0 0 0 0 0 0 0 0 0 0 0 0 0 0 0 0 0 0 0 0 0 
0 0 0 0 0 0 0 -0.000396729 -0.0012207 -0.00437927 -0.00837708 -0.0166321 -0.0225677 -0.0308228 -0.030838 -0.0308228 -0.0225677 -0.0166321 -0.00837708 -0.00437927 -0.0012207 -0.000396729 0 0 0 0 0 0 0 0 0 0 0 0 0 0 0 0 0 0 0 0 0 0 0 0 0 0 0 0 0 0 0 0 0 0 0 0 0 0 0 0 0 0 0 0 0 0 0 0 0 0 0 0 0 0 0 0 0 0 0 0 0 0 0 0 0 0 0 0 0 0 0 0 0 0 0 0 0 0 
0 0 0 0 0 0 0 0 -0.000396729 -0.0012207 -0.00437927 -0.00837708 -0.0166321 -0.0225677 -0.0308228 -0.030838 -0.0308228 -0.0225677 -0.0166321 -0.00837708 -0.00437927 -0.0012207 -0.000396729 0 0 0 0 0 0 0 0 0 0 0 0 0 0 0 0 0 0 0 0 0 0 0 0 0 0 0 0 0 0 0 0 0 0 0 0 0 0 0 0 0 0 0 0 0 0 0 0 0 0 0 0 0 0 0 0 0 0 0 0 0 0 0 0 0 0 0 0 0 0 0 0 0 0 0 0 0 
0 0 0 0 0 0 0 0 0 -0.000396729 -0.0012207 -0.00437927 -0.00837708 -0.0166321 -0.0225677 -0.0308228 -0.030838 -0.0308228 -0.0225677 -0.0166321 -0.00837708 -0.00437927 -0.0012207 -0.000396729 0 0 0 0 0 0 0 0 0 0 0 0 0 0 0 0 0 0 0 0 0 0 0 0 0 0 0 0 0 0 0 0 0 0 0 0 0 0 0 0 0 0 0 0 0 0 0 0 0 0 0 0 0 0 0 0 0 0 0 0 0 0 0 0 0 0 0 0 0 0 0 0 0 0 0 0 
0 0 0 0 0 0 0 0 0 0 -0.000396729 -0.0012207 -0.00437927 -0.00837708 -0.0166321 -0.0225677 -0.0308228 -0.030838 -0.0308228 -0.0225677 -0.0166321 -0.00837708 -0.00437927 -0.0012207 -0.000396729 0 0 0 0 0 0 0 0 0 0 0 0 0 0 0 0 0 0 0 0 0 0 0 0 0 0 0 0 0 0 0 0 0 0 0 0 0 0 0 0 0 0 0 0 0 0 0 0 0 0 0 0 0 0 0 0 0 0 0 0 0 0 0 0 0 0 0 0 0 0 0 0 0 0 0 
0 0 0 0 0 0 0 0 0 0 0 -0.000396729 -0.0012207 -0.00437927 -0.00837708 -0.0166321 -0.0225677 -0.0308228 -0.030838 -0.0308228 -0.0225677 -0.0166321 -0.00837708 -0.00437927 -0.0012207 -0.000396729 0 0 0 0 0 0 0 0 0 0 0 0 0 0 0 0 0 0 0 0 0 0 0 0 0 0 0 0 0 0 0 0 0 0 0 0 0 0 0 0 0 0 0 0 0 0 0 0 0 0 0 0 0 0 0 0 0 0 0 0 0 0 0 0 0 0 0 0 0 0 0 0 0 0 
0 0 0 0 0 0 0 0 0 0 0 0 -0.000396729 -0.0012207 -0.00437927 -0.00837708 -0.0166321 -0.0225677 -0.0308228 -0.030838 -0.0308228 -0.0225677 -0.0166321 -0.00837708 -0.00437927 -0.0012207 -0.000396729 0 0 0 0 0 0 0 0 0 0 0 0 0 0 0 0 0 0 0 0 0 0 0 0 0 0 0 0 0 0 0 0 0 0 0 0 0 0 0 0 0 0 0 0 0 0 0 0 0 0 0 0 0 0 0 0 0 0 0 0 0 0 0 0 0 0 0 0 0 0 0 0 0 
0 0 0 0 0 0 0 0 0 0 0 0 0 -0.000396729 -0.0012207 -0.00437927 -0.00837708 -0.0166321 -0.0225677 -0.0308228 -0.030838 -0.0308228 -0.0225677 -0.0166321 -0.00837708 -0.00437927 -0.0012207 -0.000396729 0 0 0 0 0 0 0 0 0 0 0 0 0 0 0 0 0 0 0 0 0 0 0 0 0 0 0 0 0 0 0 0 0 0 0 0 0 0 0 0 0 0 0 0 0 0 0 0 0 0 0 0 0 0 0 0 0 0 0 0 0 0 0 0 0 0 0 0 0 0 0 0 
0 0 0 0 0 0 0 0 0 0 0 0 0 0 -0.000396729 -0.0012207 -0.00437927 -0.00837708 -0.0166321 -0.0225677 -0.0308228 -0.030838 -0.0308228 -0.0225677 -0.0166321 -0.00837708 -0.00437927 -0.0012207 -0.000396729 0 0 0 0 0 0 0 0 0 0 0 0 0 0 0 0 0 0 0 0 0 0 0 0 0 0 0 0 0 0 0 0 0 0 0 0 0 0 0 0 0 0 0 0 0 0 0 0 0 0 0 0 0 0 0 0 0 0 0 0 0 0 0 0 0 0 0 0 0 0 0 
0 0 0 0 0 0 0 0 0 0 0 0 0 0 0 -0.000396729 -0.0012207 -0.00437927 -0.00837708 -0.0166321 -0.0225677 -0.0308228 -0.030838 -0.0308228 -0.0225677 -0.0166321 -0.00837708 -0.00437927 -0.0012207 -0.000396729 0 0 0 0 0 0 0 0 0 0 0 0 0 0 0 0 0 0 0 0 0 0 0 0 0 0 0 0 0 0 0 0 0 0 0 0 0 0 0 0 0 0 0 0 0 0 0 0 0 0 0 0 0 0 0 0 0 0 0 0 0 0 0 0 0 0 0 0 0 0 
0 0 0 0 0 0 0 0 0 0 0 0 0 0 0 0 -0.000396729 -0.0012207 -0.00437927 -0.00837708 -0.0166321 -0.0225677 -0.0308228 -0.030838 -0.0308228 -0.0225677 -0.0166321 -0.00837708 -0.00437927 -0.0012207 -0.000396729 0 0 0 0 0 0 0 0 0 0 0 0 0 0 0 0 0 0 0 0 0 0 0 0 0 0 0 0 0 0 0 0 0 0 0 0 0 0 0 0 0 0 0 0 0 0 0 0 0 0 0 0 0 0 0 0 0 0 0 0 0 0 0 0 0 0 0 0 0 
0 0 0 0 0 0 0 0 0 0 0 0 0 0 0 0 0 -0.000396729 -0.0012207 -0.00437927 -0.00837708 -0.0166321 -0.0225677 -0.0308228 -0.030838 -0.0308228 -0.0225677 -0.0166321 -0.00837708 -0.00437927 -0.0012207 -0.000396729 0 0 0 0 0 0 0 0 0 0 0 0 0 0 0 0 0 0 0 0 0 0 0 0 0 0 0 0 0 0 0 0 0 0 0 0 0 0 0 0 0 0 0 0 0 0 0 0 0 0 0 0 0 0 0 0 0 0 0 0 0 0 0 0 0 0 0 0 
0 0 0 0 0 0 0 0 0 0 0 0 0 0 0 0 0 0 -0.000396729 -0.0012207 -0.00437927 -0.00837708 -0.0166321 -0.0225677 -0.0308228 -0.030838 -0.0308228 -0.0225677 -0.0166321 -0.00837708 -0.00437927 -0.0012207 -0.000396729 0 0 0 0 0 0 0 0 0 0 0 0 0 0 0 0 0 0 0 0 0 0 0 0 0 0 0 0 0 0 0 0 0 0 0 0 0 0 0 0 0 0 0 0 0 0 0 0 0 0 0 0 0 0 0 0 0 0 0 0 0 0 0 0 0 0 0 
0 0 0 0 0 0 0 0 0 0 0 0 0 0 0 0 0 0 0 -0.000396729 -0.0012207 -0.00437927 -0.00837708 -0.0166321 -0.0225677 -0.0308228 -0.030838 -0.0308228 -0.0225677 -0.0166321 -0.00837708 -0.00437927 -0.0012207 -0.000396729 0 0 0 0 0 0 0 0 0 0 0 0 0 0 0 0 0 0 0 0 0 0 0 0 0 0 0 0 0 0 0 0 0 0 0 0 0 0 0 0 0 0 0 0 0 0 0 0 0 0 0 0 0 0 0 0 0 0 0 0 0 0 0 0 0 0 
0 0 0 0 0 0 0 0 0 0 0 0 0 0 0 0 0 0 0 0 -0.000396729 -0.0012207 -0.00437927 -0.00837708 -0.0166321 -0.0225677 -0.0308228 -0.030838 -0.0308228 -0.0225677 -0.0166321 -0.00837708 -0.00437927 -0.0012207 -0.000396729 0 0 0 0 0 0 0 0 0 0 0 0 0 0 0 0 0 0 0 0 0 0 0 0 0 0 0 0 0 0 0 0 0 0 0 0 0 0 0 0 0 0 0 0 0 0 0 0 0 0 0 0 0 0 0 0 0 0 0 0 0 0 0 0 0 
0 0 0 0 0 0 0 0 0 0 0 0 0 0 0 0 0 0 0 0 0 -0.000396729 -0.0012207 -0.00437927 -0.00837708 -0.0166321 -0.0225677 -0.0308228 -0.030838 -0.0308228 -0.0225677 -0.0166321 -0.00837708 -0.00437927 -0.0012207 -0.000396729 0 0 0 0 0 0 0 0 0 0 0 0 0 0 0 0 0 0 0 0 0 0 0 0 0 0 0 0 0 0 0 0 0 0 0 0 0 0 0 0 0 0 0 0 0 0 0 0 0 0 0 0 0 0 0 0 0 0 0 0 0 0 0 0 
0 0 0 0 0 0 0 0 0 0 0 0 0 0 0 0 0 0 0 0 0 0 -0.000396729 -0.0012207 -0.00437927 -0.00837708 -0.0166321 -0.0225677 -0.0308228 -0.030838 -0.0308228 -0.0225677 -0.0166321 -0.00837708 -0.00437927 -0.0012207 -0.000396729 0 0 0 0 0 0 0 0 0 0 0 0 0 0 0 0 0 0 0 0 0 0 0 0 0 0 0 0 0 0 0 0 0 0 0 0 0 0 0 0 0 0 0 0 0 0 0 0 0 0 0 0 0 0 0 0 0 0 0 0 0 0 0 
0 0 0 0 0 0 0 0 0 0 0 0 0 0 0 0 0 0 0 0 0 0 0 -0.000396729 -0.0012207 -0.00437927 -0.00837708 -0.0166321 -0.0225677 -0.0308228 -0.030838 -0.0308228 -0.0225677 -0.0166321 -0.00837708 -0.00437927 -0.0012207 -0.000396729 0 0 0 0 0 0 0 0 0 0 0 0 0 0 0 0 0 0 0 0 0 0 0 0 0 0 0 0 0 0 0 0 0 0 0 0 0 0 0 0 0 0 0 0 0 0 0 0 0 0 0 0 0 0 0 0 0 0 0 0 0 0 
0 0 0 0 0 0 0 0 0 0 0 0 0 0 0 0 0 0 0 0 0 0 0 0 -0.000396729 -0.0012207 -0.00437927 -0.00837708 -0.0166321 -0.0225677 -0.0308228 -0.030838 -0.0308228 -0.0225677 -0.0166321 -0.00837708 -0.00437927 -0.0012207 -0.000396729 0 0 0 0 0 0 0 0 0 0 0 0 0 0 0 0 0 0 0 0 0 0 0 0 0 0 0 0 0 0 0 0 0 0 0 0 0 0 0 0 0 0 0 0 0 0 0 0 0 0 0 0 0 0 0 0 0 0 0 0 0 
0 0 0 0 0 0 0 0 0 0 0 0 0 0 0 0 0 0 0 0 0 0 0 0 0 -0.000396729 -0.0012207 -0.00437927 -0.00837708 -0.0166321 -0.0225677 -0.0308228 -0.030838 -0.0308228 -0.0225677 -0.0166321 -0.00837708 -0.00437927 -0.0012207 -0.000396729 0 0 0 0 0 0 0 0 0 0 0 0 0 0 0 0 0 0 0 0 0 0 0 0 0 0 0 0 0 0 0 0 0 0 0 0 0 0 0 0 0 0 0 0 0 0 0 0 0 0 0 0 0 0 0 0 0 0 0 0 
0 0 0 0 0 0 0 0 0 0 0 0 0 0 0 0 0 0 0 0 0 0 0 0 0 0 -0.000396729 -0.0012207 -0.00437927 -0.00837708 -0.0166321 -0.0225677 -0.0308228 -0.030838 -0.0308228 -0.0225677 -0.0166321 -0.00837708 -0.00437927 -0.0012207 -0.000396729 0 0 0 0 0 0 0 0 0 0 0 0 0 0 0 0 0 0 0 0 0 0 0 0 0 0 0 0 0 0 0 0 0 0 0 0 0 0 0 0 0 0 0 0 0 0 0 0 0 0 0 0 0 0 0 0 0 0 0 
0 0 0 0 0 0 0 0 0 0 0 0 0 0 0 0 0 0 0 0 0 0 0 0 0 0 0 -0.000396729 -0.0012207 -0.00437927 -0.00837708 -0.0166321 -0.0225677 -0.0308228 -0.030838 -0.0308228 -0.0225677 -0.0166321 -0.00837708 -0.00437927 -0.0012207 -0.000396729 0 0 0 0 0 0 0 0 0 0 0 0 0 0 0 0 0 0 0 0 0 0 0 0 0 0 0 0 0 0 0 0 0 0 0 0 0 0 0 0 0 0 0 0 0 0 0 0 0 0 0 0 0 0 0 0 0 0 
0 0 0 0 0 0 0 0 0 0 0 0 0 0 0 0 0 0 0 0 0 0 0 0 0 0 0 0 -0.000396729 -0.0012207 -0.00437927 -0.00837708 -0.0166321 -0.0225677 -0.0308228 -0.030838 -0.0308228 -0.0225677 -0.0166321 -0.00837708 -0.00437927 -0.0012207 -0.000396729 0 0 0 0 0 0 0 0 0 0 0 0 0 0 0 0 0 0 0 0 0 0 0 0 0 0 0 0 0 0 0 0 0 0 0 0 0 0 0 0 0 0 0 0 0 0 0 0 0 0 0 0 0 0 0 0 0 
0 0 0 0 0 0 0 0 0 0 0 0 0 0 0 0 0 0 0 0 0 0 0 0 0 0 0 0 0 -0.000396729 -0.0012207 -0.00437927 -0.00837708 -0.0166321 -0.0225677 -0.0308228 -0.030838 -0.0308228 -0.0225677 -0.0166321 -0.00837708 -0.00437927 -0.0012207 -0.000396729 0 0 0 0 0 0 0 0 0 0 0 0 0 0 0 0 0 0 0 0 0 0 0 0 0 0 0 0 0 0 0 0 0 0 0 0 0 0 0 0 0 0 0 0 0 0 0 0 0 0 0 0 0 0 0 0 
0 0 0 0 0 0 0 0 0 0 0 0 0 0 0 0 0 0 0 0 0 0 0 0 0 0 0 0 0 0 -0.000396729 -0.0012207 -0.00437927 -0.00837708 -0.0166321 -0.0225677 -0.0308228 -0.030838 -0.0308228 -0.0225677 -0.0166321 -0.00837708 -0.00437927 -0.0012207 -0.000396729 0 0 0 0 0 0 0 0 0 0 0 0 0 0 0 0 0 0 0 0 0 0 0 0 0 0 0 0 0 0 0 0 0 0 0 0 0 0 0 0 0 0 0 0 0 0 0 0 0 0 0 0 0 0 0 
0 0 0 0 0 0 0 0 0 0 0 0 0 0 0 0 0 0 0 0 0 0 0 0 0 0 0 0 0 0 0 -0.000396729 -0.0012207 -0.00437927 -0.00837708 -0.0166321 -0.0225677 -0.0308228 -0.030838 -0.0308228 -0.0225677 -0.0166321 -0.00837708 -0.00437927 -0.0012207 -0.000396729 0 0 0 0 0 0 0 0 0 0 0 0 0 0 0 0 0 0 0 0 0 0 0 0 0 0 0 0 0 0 0 0 0 0 0 0 0 0 0 0 0 0 0 0 0 0 0 0 0 0 0 0 0 0 
0 0 0 0 0 0 0 0 0 0 0 0 0 0 0 0 0 0 0 0 0 0 0 0 0 0 0 0 0 0 0 0 -0.000396729 -0.0012207 -0.00437927 -0.00837708 -0.0166321 -0.0225677 -0.0308228 -0.030838 -0.0308228 -0.0225677 -0.0166321 -0.00837708 -0.00437927 -0.0012207 -0.000396729 0 0 0 0 0 0 0 0 0 0 0 0 0 0 0 0 0 0 0 0 0 0 0 0 0 0 0 0 0 0 0 0 0 0 0 0 0 0 0 0 0 0 0 0 0 0 0 0 0 0 0 0 0 
0 0 0 0 0 0 0 0 0 0 0 0 0 0 0 0 0 0 0 0 0 0 0 0 0 0 0 0 0 0 0 0 0 -0.000396729 -0.0012207 -0.00437927 -0.00837708 -0.0166321 -0.0225677 -0.0308228 -0.030838 -0.0308228 -0.0225677 -0.0166321 -0.00837708 -0.00437927 -0.0012207 -0.000396729 0 0 0 0 0 0 0 0 0 0 0 0 0 0 0 0 0 0 0 0 0 0 0 0 0 0 0 0 0 0 0 0 0 0 0 0 0 0 0 0 0 0 0 0 0 0 0 0 0 0 0 0 
0 0 0 0 0 0 0 0 0 0 0 0 0 0 0 0 0 0 0 0 0 0 0 0 0 0 0 0 0 0 0 0 0 0 -0.000396729 -0.0012207 -0.00437927 -0.00837708 -0.0166321 -0.0225677 -0.0308228 -0.030838 -0.0308228 -0.0225677 -0.0166321 -0.00837708 -0.00437927 -0.0012207 -0.000396729 0 0 0 0 0 0 0 0 0 0 0 0 0 0 0 0 0 0 0 0 0 0 0 0 0 0 0 0 0 0 0 0 0 0 0 0 0 0 0 0 0 0 0 0 0 0 0 0 0 0 0 
0 0 0 0 0 0 0 0 0 0 0 0 0 0 0 0 0 0 0 0 0 0 0 0 0 0 0 0 0 0 0 0 0 0 0 -0.000396729 -0.0012207 -0.00437927 -0.00837708 -0.0166321 -0.0225677 -0.0308228 -0.030838 -0.0308228 -0.0225677 -0.0166321 -0.00837708 -0.00437927 -0.0012207 -0.000396729 0 0 0 0 0 0 0 0 0 0 0 0 0 0 0 0 0 0 0 0 0 0 0 0 0 0 0 0 0 0 0 0 0 0 0 0 0 0 0 0 0 0 0 0 0 0 0 0 0 0 
0 0 0 0 0 0 0 0 0 0 0 0 0 0 0 0 0 0 0 0 0 0 0 0 0 0 0 0 0 0 0 0 0 0 0 0 -0.000396729 -0.0012207 -0.00437927 -0.00837708 -0.0166321 -0.0225677 -0.0308228 -0.030838 -0.0308228 -0.0225677 -0.0166321 -0.00837708 -0.00437927 -0.0012207 -0.000396729 0 0 0 0 0 0 0 0 0 0 0 0 0 0 0 0 0 0 0 0 0 0 0 0 0 0 0 0 0 0 0 0 0 0 0 0 0 0 0 0 0 0 0 0 0 0 0 0 0 
0 0 0 0 0 0 0 0 0 0 0 0 0 0 0 0 0 0 0 0 0 0 0 0 0 0 0 0 0 0 0 0 0 0 0 0 0 -0.000396729 -0.0012207 -0.00437927 -0.00837708 -0.0166321 -0.0225677 -0.0308228 -0.030838 -0.0308228 -0.0225677 -0.0166321 -0.00837708 -0.00437927 -0.0012207 -0.000396729 0 0 0 0 0 0 0 0 0 0 0 0 0 0 0 0 0 0 0 0 0 0 0 0 0 0 0 0 0 0 0 0 0 0 0 0 0 0 0 0 0 0 0 0 0 0 0 0 
0 0 0 0 0 0 0 0 0 0 0 0 0 0 0 0 0 0 0 0 0 0 0 0 0 0 0 0 0 0 0 0 0 0 0 0 0 0 -0.000396729 -0.0012207 -0.00437927 -0.00837708 -0.0166321 -0.0225677 -0.0308228 -0.030838 -0.0308228 -0.0225677 -0.0166321 -0.00837708 -0.00437927 -0.0012207 -0.000396729 0 0 0 0 0 0 0 0 0 0 0 0 0 0 0 0 0 0 0 0 0 0 0 0 0 0 0 0 0 0 0 0 0 0 0 0 0 0 0 0 0 0 0 0 0 0 0 
0 0 0 0 0 0 0 0 0 0 0 0 0 0 0 0 0 0 0 0 0 0 0 0 0 0 0 0 0 0 0 0 0 0 0 0 0 0 0 -0.000396729 -0.0012207 -0.00437927 -0.00837708 -0.0166321 -0.0225677 -0.0308228 -0.030838 -0.0308228 -0.0225677 -0.0166321 -0.00837708 -0.00437927 -0.0012207 -0.000396729 0 0 0 0 0 0 0 0 0 0 0 0 0 0 0 0 0 0 0 0 0 0 0 0 0 0 0 0 0 0 0 0 0 0 0 0 0 0 0 0 0 0 0 0 0 0 
0 0 0 0 0 0 0 0 0 0 0 0 0 0 0 0 0 0 0 0 0 0 0 0 0 0 0 0 0 0 0 0 0 0 0 0 0 0 0 0 -0.000396729 -0.0012207 -0.00437927 -0.00837708 -0.0166321 -0.0225677 -0.0308228 -0.030838 -0.0308228 -0.0225677 -0.0166321 -0.00837708 -0.00437927 -0.0012207 -0.000396729 0 0 0 0 0 0 0 0 0 0 0 0 0 0 0 0 0 0 0 0 0 0 0 0 0 0 0 0 0 0 0 0 0 0 0 0 0 0 0 0 0 0 0 0 0 
0 0 0 0 0 0 0 0 0 0 0 0 0 0 0 0 0 0 0 0 0 0 0 0 0 0 0 0 0 0 0 0 0 0 0 0 0 0 0 0 0 -0.000396729 -0.0012207 -0.00437927 -0.00837708 -0.0166321 -0.0225677 -0.0308228 -0.030838 -0.0308228 -0.0225677 -0.0166321 -0.00837708 -0.00437927 -0.0012207 -0.000396729 0 0 0 0 0 0 0 0 0 0 0 0 0 0 0 0 0 0 0 0 0 0 0 0 0 0 0 0 0 0 0 0 0 0 0 0 0 0 0 0 0 0 0 0 
0 0 0 0 0 0 0 0 0 0 0 0 0 0 0 0 0 0 0 0 0 0 0 0 0 0 0 0 0 0 0 0 0 0 0 0 0 0 0 0 0 0 -0.000396729 -0.0012207 -0.00437927 -0.00837708 -0.0166321 -0.0225677 -0.0308228 -0.030838 -0.0308228 -0.0225677 -0.0166321 -0.00837708 -0.00437927 -0.0012207 -0.000396729 0 0 0 0 0 0 0 0 0 0 0 0 0 0 0 0 0 0 0 0 0 0 0 0 0 0 0 0 0 0 0 0 0 0 0 0 0 0 0 0 0 0 0 
0 0 0 0 0 0 0 0 0 0 0 0 0 0 0 0 0 0 0 0 0 0 0 0 0 0 0 0 0 0 0 0 0 0 0 0 0 0 0 0 0 0 0 -0.000396729 -0.0012207 -0.00437927 -0.00837708 -0.0166321 -0.0225677 -0.0308228 -0.030838 -0.0308228 -0.0225677 -0.0166321 -0.00837708 -0.00437927 -0.0012207 -0.000396729 0 0 0 0 0 0 0 0 0 0 0 0 0 0 0 0 0 0 0 0 0 0 0 0 0 0 0 0 0 0 0 0 0 0 0 0 0 0 0 0 0 0 
0 0 0 0 0 0 0 0 0 0 0 0 0 0 0 0 0 0 0 0 0 0 0 0 0 0 0 0 0 0 0 0 0 0 0 0 0 0 0 0 0 0 0 0 -0.000396729 -0.0012207 -0.00437927 -0.00837708 -0.0166321 -0.0225677 -0.0308228 -0.030838 -0.0308228 -0.0225677 -0.0166321 -0.00837708 -0.00437927 -0.0012207 -0.000396729 0 0 0 0 0 0 0 0 0 0 0 0 0 0 0 0 0 0 0 0 0 0 0 0 0 0 0 0 0 0 0 0 0 0 0 0 0 0 0 0 0 
0 0 0 0 0 0 0 0 0 0 0 0 0 0 0 0 0 0 0 0 0 0 0 0 0 0 0 0 0 0 0 0 0 0 0 0 0 0 0 0 0 0 0 0 0 -0.000396729 -0.0012207 -0.00437927 -0.00837708 -0.0166321 -0.0225677 -0.0308228 -0.030838 -0.0308228 -0.0225677 -0.0166321 -0.00837708 -0.00437927 -0.0012207 -0.000396729 0 0 0 0 0 0 0 0 0 0 0 0 0 0 0 0 0 0 0 0 0 0 0 0 0 0 0 0 0 0 0 0 0 0 0 0 0 0 0 0 
0 0 0 0 0 0 0 0 0 0 0 0 0 0 0 0 0 0 0 0 0 0 0 0 0 0 0 0 0 0 0 0 0 0 0 0 0 0 0 0 0 0 0 0 0 0 -0.000396729 -0.0012207 -0.00437927 -0.00837708 -0.0166321 -0.0225677 -0.0308228 -0.030838 -0.0308228 -0.0225677 -0.0166321 -0.00837708 -0.00437927 -0.0012207 -0.000396729 0 0 0 0 0 0 0 0 0 0 0 0 0 0 0 0 0 0 0 0 0 0 0 0 0 0 0 0 0 0 0 0 0 0 0 0 0 0 0 
0 0 0 0 0 0 0 0 0 0 0 0 0 0 0 0 0 0 0 0 0 0 0 0 0 0 0 0 0 0 0 0 0 0 0 0 0 0 0 0 0 0 0 0 0 0 0 -0.000396729 -0.0012207 -0.00437927 -0.00837708 -0.0166321 -0.0225677 -0.0308228 -0.030838 -0.0308228 -0.0225677 -0.0166321 -0.00837708 -0.00437927 -0.0012207 -0.000396729 0 0 0 0 0 0 0 0 0 0 0 0 0 0 0 0 0 0 0 0 0 0 0 0 0 0 0 0 0 0 0 0 0 0 0 0 0 0 
0 0 0 0 0 0 0 0 0 0 0 0 0 0 0 0 0 0 0 0 0 0 0 0 0 0 0 0 0 0 0 0 0 0 0 0 0 0 0 0 0 0 0 0 0 0 0 0 -0.000396729 -0.0012207 -0.00437927 -0.00837708 -0.0166321 -0.0225677 -0.0308228 -0.030838 -0.0308228 -0.0225677 -0.0166321 -0.00837708 -0.00437927 -0.0012207 -0.000396729 0 0 0 0 0 0 0 0 0 0 0 0 0 0 0 0 0 0 0 0 0 0 0 0 0 0 0 0 0 0 0 0 0 0 0 0 0 
0 0 0 0 0 0 0 0 0 0 0 0 0 0 0 0 0 0 0 0 0 0 0 0 0 0 0 0 0 0 0 0 0 0 0 0 0 0 0 0 0 0 0 0 0 0 0 0 0 -0.000396729 -0.0012207 -0.00437927 -0.00837708 -0.0166321 -0.0225677 -0.0308228 -0.030838 -0.0308228 -0.0225677 -0.0166321 -0.00837708 -0.00437927 -0.0012207 -0.000396729 0 0 0 0 0 0 0 0 0 0 0 0 0 0 0 0 0 0 0 0 0 0 0 0 0 0 0 0 0 0 0 0 0 0 0 0 
0 0 0 0 0 0 0 0 0 0 0 0 0 0 0 0 0 0 0 0 0 0 0 0 0 0 0 0 0 0 0 0 0 0 0 0 0 0 0 0 0 0 0 0 0 0 0 0 0 0 -0.000396729 -0.0012207 -0.00437927 -0.00837708 -0.0166321 -0.0225677 -0.0308228 -0.030838 -0.0308228 -0.0225677 -0.0166321 -0.00837708 -0.00437927 -0.0012207 -0.000396729 0 0 0 0 0 0 0 0 0 0 0 0 0 0 0 0 0 0 0 0 0 0 0 0 0 0 0 0 0 0 0 0 0 0 0 
0 0 0 0 0 0 0 0 0 0 0 0 0 0 0 0 0 0 0 0 0 0 0 0 0 0 0 0 0 0 0 0 0 0 0 0 0 0 0 0 0 0 0 0 0 0 0 0 0 0 0 -0.000396729 -0.0012207 -0.00437927 -0.00837708 -0.0166321 -0.0225677 -0.0308228 -0.030838 -0.0308228 -0.0225677 -0.0166321 -0.00837708 -0.00437927 -0.0012207 -0.000396729 0 0 0 0 0 0 0 0 0 0 0 0 0 0 0 0 0 0 0 0 0 0 0 0 0 0 0 0 0 0 0 0 0 0 
0 0 0 0 0 0 0 0 0 0 0 0 0 0 0 0 0 0 0 0 0 0 0 0 0 0 0 0 0 0 0 0 0 0 0 0 0 0 0 0 0 0 0 0 0 0 0 0 0 0 0 0 -0.000396729 -0.0012207 -0.00437927 -0.00837708 -0.0166321 -0.0225677 -0.0308228 -0.030838 -0.0308228 -0.0225677 -0.0166321 -0.00837708 -0.00437927 -0.0012207 -0.000396729 0 0 0 0 0 0 0 0 0 0 0 0 0 0 0 0 0 0 0 0 0 0 0 0 0 0 0 0 0 0 0 0 0 
0 0 0 0 0 0 0 0 0 0 0 0 0 0 0 0 0 0 0 0 0 0 0 0 0 0 0 0 0 0 0 0 0 0 0 0 0 0 0 0 0 0 0 0 0 0 0 0 0 0 0 0 0 -0.000396729 -0.0012207 -0.00437927 -0.00837708 -0.0166321 -0.0225677 -0.0308228 -0.030838 -0.0308228 -0.0225677 -0.0166321 -0.00837708 -0.00437927 -0.0012207 -0.000396729 0 0 0 0 0 0 0 0 0 0 0 0 0 0 0 0 0 0 0 0 0 0 0 0 0 0 0 0 0 0 0 0 
0 0 0 0 0 0 0 0 0 0 0 0 0 0 0 0 0 0 0 0 0 0 0 0 0 0 0 0 0 0 0 0 0 0 0 0 0 0 0 0 0 0 0 0 0 0 0 0 0 0 0 0 0 0 -0.000396729 -0.0012207 -0.00437927 -0.00837708 -0.0166321 -0.0225677 -0.0308228 -0.030838 -0.0308228 -0.0225677 -0.0166321 -0.00837708 -0.00437927 -0.0012207 -0.000396729 0 0 0 0 0 0 0 0 0 0 0 0 0 0 0 0 0 0 0 0 0 0 0 0 0 0 0 0 0 0 0 
0 0 0 0 0 0 0 0 0 0 0 0 0 0 0 0 0 0 0 0 0 0 0 0 0 0 0 0 0 0 0 0 0 0 0 0 0 0 0 0 0 0 0 0 0 0 0 0 0 0 0 0 0 0 0 -0.000396729 -0.0012207 -0.00437927 -0.00837708 -0.0166321 -0.0225677 -0.0308228 -0.030838 -0.0308228 -0.0225677 -0.0166321 -0.00837708 -0.00437927 -0.0012207 -0.000396729 0 0 0 0 0 0 0 0 0 0 0 0 0 0 0 0 0 0 0 0 0 0 0 0 0 0 0 0 0 0 
0 0 0 0 0 0 0 0 0 0 0 0 0 0 0 0 0 0 0 0 0 0 0 0 0 0 0 0 0 0 0 0 0 0 0 0 0 0 0 0 0 0 0 0 0 0 0 0 0 0 0 0 0 0 0 0 -0.000396729 -0.0012207 -0.00437927 -0.00837708 -0.0166321 -0.0225677 -0.0308228 -0.030838 -0.0308228 -0.0225677 -0.0166321 -0.00837708 -0.00437927 -0.0012207 -0.000396729 0 0 0 0 0 0 0 0 0 0 0 0 0 0 0 0 0 0 0 0 0 0 0 0 0 0 0 0 0 
0 0 0 0 0 0 0 0 0 0 0 0 0 0 0 0 0 0 0 0 0 0 0 0 0 0 0 0 0 0 0 0 0 0 0 0 0 0 0 0 0 0 0 0 0 0 0 0 0 0 0 0 0 0 0 0 0 -0.000396729 -0.0012207 -0.00437927 -0.00837708 -0.0166321 -0.0225677 -0.0308228 -0.030838 -0.0308228 -0.0225677 -0.0166321 -0.00837708 -0.00437927 -0.0012207 -0.000396729 0 0 0 0 0 0 0 0 0 0 0 0 0 0 0 0 0 0 0 0 0 0 0 0 0 0 0 0 
0 0 0 0 0 0 0 0 0 0 0 0 0 0 0 0 0 0 0 0 0 0 0 0 0 0 0 0 0 0 0 0 0 0 0 0 0 0 0 0 0 0 0 0 0 0 0 0 0 0 0 0 0 0 0 0 0 0 -0.000396729 -0.0012207 -0.00437927 -0.00837708 -0.0166321 -0.0225677 -0.0308228 -0.030838 -0.0308228 -0.0225677 -0.0166321 -0.00837708 -0.00437927 -0.0012207 -0.000396729 0 0 0 0 0 0 0 0 0 0 0 0 0 0 0 0 0 0 0 0 0 0 0 0 0 0 0 
0 0 0 0 0 0 0 0 0 0 0 0 0 0 0 0 0 0 0 0 0 0 0 0 0 0 0 0 0 0 0 0 0 0 0 0 0 0 0 0 0 0 0 0 0 0 0 0 0 0 0 0 0 0 0 0 0 0 0 -0.000396729 -0.0012207 -0.00437927 -0.00837708 -0.0166321 -0.0225677 -0.0308228 -0.030838 -0.0308228 -0.0225677 -0.0166321 -0.00837708 -0.00437927 -0.0012207 -0.000396729 0 0 0 0 0 0 0 0 0 0 0 0 0 0 0 0 0 0 0 0 0 0 0 0 0 0 
0 0 0 0 0 0 0 0 0 0 0 0 0 0 0 0 0 0 0 0 0 0 0 0 0 0 0 0 0 0 0 0 0 0 0 0 0 0 0 0 0 0 0 0 0 0 0 0 0 0 0 0 0 0 0 0 0 0 0 0 -0.000396729 -0.0012207 -0.00437927 -0.00837708 -0.0166321 -0.0225677 -0.0308228 -0.030838 -0.0308228 -0.0225677 -0.0166321 -0.00837708 -0.00437927 -0.0012207 -0.000396729 0 0 0 0 0 0 0 0 0 0 0 0 0 0 0 0 0 0 0 0 0 0 0 0 0 
0 0 0 0 0 0 0 0 0 0 0 0 0 0 0 0 0 0 0 0 0 0 0 0 0 0 0 0 0 0 0 0 0 0 0 0 0 0 0 0 0 0 0 0 0 0 0 0 0 0 0 0 0 0 0 0 0 0 0 0 0 -0.000396729 -0.0012207 -0.00437927 -0.00837708 -0.0166321 -0.0225677 -0.0308228 -0.030838 -0.0308228 -0.0225677 -0.0166321 -0.00837708 -0.00437927 -0.0012207 -0.000396729 0 0 0 0 0 0 0 0 0 0 0 0 0 0 0 0 0 0 0 0 0 0 0 0 
0 0 0 0 0 0 0 0 0 0 0 0 0 0 0 0 0 0 0 0 0 0 0 0 0 0 0 0 0 0 0 0 0 0 0 0 0 0 0 0 0 0 0 0 0 0 0 0 0 0 0 0 0 0 0 0 0 0 0 0 0 0 -0.000396729 -0.0012207 -0.00437927 -0.00837708 -0.0166321 -0.0225677 -0.0308228 -0.030838 -0.0308228 -0.0225677 -0.0166321 -0.00837708 -0.00437927 -0.0012207 -0.000396729 0 0 0 0 0 0 0 0 0 0 0 0 0 0 0 0 0 0 0 0 0 0 0 
0 0 0 0 0 0 0 0 0 0 0 0 0 0 0 0 0 0 0 0 0 0 0 0 0 0 0 0 0 0 0 0 0 0 0 0 0 0 0 0 0 0 0 0 0 0 0 0 0 0 0 0 0 0 0 0 0 0 0 0 0 0 0 -0.000396729 -0.0012207 -0.00437927 -0.00837708 -0.0166321 -0.0225677 -0.0308228 -0.030838 -0.0308228 -0.0225677 -0.0166321 -0.00837708 -0.00437927 -0.0012207 -0.000396729 0 0 0 0 0 0 0 0 0 0 0 0 0 0 0 0 0 0 0 0 0 0 
0 0 0 0 0 0 0 0 0 0 0 0 0 0 0 0 0 0 0 0 0 0 0 0 0 0 0 0 0 0 0 0 0 0 0 0 0 0 0 0 0 0 0 0 0 0 0 0 0 0 0 0 0 0 0 0 0 0 0 0 0 0 0 0 -0.000396729 -0.0012207 -0.00437927 -0.00837708 -0.0166321 -0.0225677 -0.0308228 -0.030838 -0.0308228 -0.0225677 -0.0166321 -0.00837708 -0.00437927 -0.0012207 -0.000396729 0 0 0 0 0 0 0 0 0 0 0 0 0 0 0 0 0 0 0 0 0 
0 0 0 0 0 0 0 0 0 0 0 0 0 0 0 0 0 0 0 0 0 0 0 0 0 0 0 0 0 0 0 0 0 0 0 0 0 0 0 0 0 0 0 0 0 0 0 0 0 0 0 0 0 0 0 0 0 0 0 0 0 0 0 0 0 -0.000396729 -0.0012207 -0.00437927 -0.00837708 -0.0166321 -0.0225677 -0.0308228 -0.030838 -0.0308228 -0.0225677 -0.0166321 -0.00837708 -0.00437927 -0.0012207 -0.000396729 0 0 0 0 0 0 0 0 0 0 0 0 0 0 0 0 0 0 0 0 
0 0 0 0 0 0 0 0 0 0 0 0 0 0 0 0 0 0 0 0 0 0 0 0 0 0 0 0 0 0 0 0 0 0 0 0 0 0 0 0 0 0 0 0 0 0 0 0 0 0 0 0 0 0 0 0 0 0 0 0 0 0 0 0 0 0 -0.000396729 -0.0012207 -0.00437927 -0.00837708 -0.0166321 -0.0225677 -0.0308228 -0.030838 -0.0308228 -0.0225677 -0.0166321 -0.00837708 -0.00437927 -0.0012207 -0.000396729 0 0 0 0 0 0 0 0 0 0 0 0 0 0 0 0 0 0 0 
0 0 0 0 0 0 0 0 0 0 0 0 0 0 0 0 0 0 0 0 0 0 0 0 0 0 0 0 0 0 0 0 0 0 0 0 0 0 0 0 0 0 0 0 0 0 0 0 0 0 0 0 0 0 0 0 0 0 0 0 0 0 0 0 0 0 0 -0.000396729 -0.0012207 -0.00437927 -0.00837708 -0.0166321 -0.0225677 -0.0308228 -0.030838 -0.0308228 -0.0225677 -0.0166321 -0.00837708 -0.00437927 -0.0012207 -0.000396729 0 0 0 0 0 0 0 0 0 0 0 0 0 0 0 0 0 0 
0 0 0 0 0 0 0 0 0 0 0 0 0 0 0 0 0 0 0 0 0 0 0 0 0 0 0 0 0 0 0 0 0 0 0 0 0 0 0 0 0 0 0 0 0 0 0 0 0 0 0 0 0 0 0 0 0 0 0 0 0 0 0 0 0 0 0 0 -0.000396729 -0.0012207 -0.00437927 -0.00837708 -0.0166321 -0.0225677 -0.0308228 -0.030838 -0.0308228 -0.0225677 -0.0166321 -0.00837708 -0.00437927 -0.0012207 -0.000396729 0 0 0 0 0 0 0 0 0 0 0 0 0 0 0 0 0 
0 0 0 0 0 0 0 0 0 0 0 0 0 0 0 0 0 0 0 0 0 0 0 0 0 0 0 0 0 0 0 0 0 0 0 0 0 0 0 0 0 0 0 0 0 0 0 0 0 0 0 0 0 0 0 0 0 0 0 0 0 0 0 0 0 0 0 0 0 -0.000396729 -0.0012207 -0.00437927 -0.00837708 -0.0166321 -0.0225677 -0.0308228 -0.030838 -0.0308228 -0.0225677 -0.0166321 -0.00837708 -0.00437927 -0.0012207 -0.000396729 0 0 0 0 0 0 0 0 0 0 0 0 0 0 0 0 
0 0 0 0 0 0 0 0 0 0 0 0 0 0 0 0 0 0 0 0 0 0 0 0 0 0 0 0 0 0 0 0 0 0 0 0 0 0 0 0 0 0 0 0 0 0 0 0 0 0 0 0 0 0 0 0 0 0 0 0 0 0 0 0 0 0 0 0 0 0 -0.000396729 -0.0012207 -0.00437927 -0.00837708 -0.0166321 -0.0225677 -0.0308228 -0.030838 -0.0308228 -0.0225677 -0.0166321 -0.00837708 -0.00437927 -0.0012207 -0.000396729 0 0 0 0 0 0 0 0 0 0 0 0 0 0 0 
0 0 0 0 0 0 0 0 0 0 0 0 0 0 0 0 0 0 0 0 0 0 0 0 0 0 0 0 0 0 0 0 0 0 0 0 0 0 0 0 0 0 0 0 0 0 0 0 0 0 0 0 0 0 0 0 0 0 0 0 0 0 0 0 0 0 0 0 0 0 0 -0.000396729 -0.0012207 -0.00437927 -0.00837708 -0.0166321 -0.0225677 -0.0308228 -0.030838 -0.0308228 -0.0225677 -0.0166321 -0.00837708 -0.00437927 -0.0012207 -0.000396729 0 0 0 0 0 0 0 0 0 0 0 0 0 0 
0 0 0 0 0 0 0 0 0 0 0 0 0 0 0 0 0 0 0 0 0 0 0 0 0 0 0 0 0 0 0 0 0 0 0 0 0 0 0 0 0 0 0 0 0 0 0 0 0 0 0 0 0 0 0 0 0 0 0 0 0 0 0 0 0 0 0 0 0 0 0 0 -0.000396729 -0.0012207 -0.00437927 -0.00837708 -0.0166321 -0.0225677 -0.0308228 -0.030838 -0.0308228 -0.0225677 -0.0166321 -0.00837708 -0.00437927 -0.0012207 -0.000396729 0 0 0 0 0 0 0 0 0 0 0 0 0 
0 0 0 0 0 0 0 0 0 0 0 0 0 0 0 0 0 0 0 0 0 0 0 0 0 0 0 0 0 0 0 0 0 0 0 0 0 0 0 0 0 0 0 0 0 0 0 0 0 0 0 0 0 0 0 0 0 0 0 0 0 0 0 0 0 0 0 0 0 0 0 0 0 -0.000396729 -0.0012207 -0.00437927 -0.00837708 -0.0166321 -0.0225677 -0.0308228 -0.030838 -0.0308228 -0.0225677 -0.0166321 -0.00837708 -0.00437927 -0.0012207 -0.000396729 0 0 0 0 0 0 0 0 0 0 0 0 
0 0 0 0 0 0 0 0 0 0 0 0 0 0 0 0 0 0 0 0 0 0 0 0 0 0 0 0 0 0 0 0 0 0 0 0 0 0 0 0 0 0 0 0 0 0 0 0 0 0 0 0 0 0 0 0 0 0 0 0 0 0 0 0 0 0 0 0 0 0 0 0 0 0 -0.000396729 -0.0012207 -0.00437927 -0.00837708 -0.0166321 -0.0225677 -0.0308228 -0.030838 -0.0308228 -0.0225677 -0.0166321 -0.00837708 -0.00437927 -0.0012207 -0.000396729 0 0 0 0 0 0 0 0 0 0 0 
0 0 0 0 0 0 0 0 0 0 0 0 0 0 0 0 0 0 0 0 0 0 0 0 0 0 0 0 0 0 0 0 0 0 0 0 0 0 0 0 0 0 0 0 0 0 0 0 0 0 0 0 0 0 0 0 0 0 0 0 0 0 0 0 0 0 0 0 0 0 0 0 0 0 0 -0.000396729 -0.0012207 -0.00437927 -0.00837708 -0.0166321 -0.0225677 -0.0308228 -0.030838 -0.0308228 -0.0225677 -0.0166321 -0.00837708 -0.00437927 -0.0012207 -0.000396729 0 0 0 0 0 0 0 0 0 0 
0 0 0 0 0 0 0 0 0 0 0 0 0 0 0 0 0 0 0 0 0 0 0 0 0 0 0 0 0 0 0 0 0 0 0 0 0 0 0 0 0 0 0 0 0 0 0 0 0 0 0 0 0 0 0 0 0 0 0 0 0 0 0 0 0 0 0 0 0 0 0 0 0 0 0 0 -0.000396729 -0.0012207 -0.00437927 -0.00837708 -0.0166321 -0.0225677 -0.0308228 -0.030838 -0.0308228 -0.0225677 -0.0166321 -0.00837708 -0.00437927 -0.0012207 -0.000396729 0 0 0 0 0 0 0 0 0 
0 0 0 0 0 0 0 0 0 0 0 0 0 0 0 0 0 0 0 0 0 0 0 0 0 0 0 0 0 0 0 0 0 0 0 0 0 0 0 0 0 0 0 0 0 0 0 0 0 0 0 0 0 0 0 0 0 0 0 0 0 0 0 0 0 0 0 0 0 0 0 0 0 0 0 0 0 -0.000396729 -0.0012207 -0.00437927 -0.00837708 -0.0166321 -0.0225677 -0.0308228 -0.030838 -0.0308228 -0.0225677 -0.0166321 -0.00837708 -0.00437927 -0.0012207 -0.000396729 0 0 0 0 0 0 0 0 
0 0 0 0 0 0 0 0 0 0 0 0 0 0 0 0 0 0 0 0 0 0 0 0 0 0 0 0 0 0 0 0 0 0 0 0 0 0 0 0 0 0 0 0 0 0 0 0 0 0 0 0 0 0 0 0 0 0 0 0 0 0 0 0 0 0 0 0 0 0 0 0 0 0 0 0 0 0 -0.000396729 -0.0012207 -0.00437927 -0.00837708 -0.0166321 -0.0225677 -0.0308228 -0.030838 -0.0308228 -0.0225677 -0.0166321 -0.00837708 -0.00437927 -0.0012207 -0.000396729 0 0 0 0 0 0 0 
0 0 0 0 0 0 0 0 0 0 0 0 0 0 0 0 0 0 0 0 0 0 0 0 0 0 0 0 0 0 0 0 0 0 0 0 0 0 0 0 0 0 0 0 0 0 0 0 0 0 0 0 0 0 0 0 0 0 0 0 0 0 0 0 0 0 0 0 0 0 0 0 0 0 0 0 0 0 0 -0.000396729 -0.0012207 -0.00437927 -0.00837708 -0.0166321 -0.0225677 -0.0308228 -0.030838 -0.0308228 -0.0225677 -0.0166321 -0.00837708 -0.00437927 -0.0012207 -0.000396729 0 0 0 0 0 0 
0 0 0 0 0 0 0 0 0 0 0 0 0 0 0 0 0 0 0 0 0 0 0 0 0 0 0 0 0 0 0 0 0 0 0 0 0 0 0 0 0 0 0 0 0 0 0 0 0 0 0 0 0 0 0 0 0 0 0 0 0 0 0 0 0 0 0 0 0 0 0 0 0 0 0 0 0 0 0 0 -0.000396729 -0.0012207 -0.00437927 -0.00837708 -0.0166321 -0.0225677 -0.0308228 -0.030838 -0.0308228 -0.0225677 -0.0166321 -0.00837708 -0.00437927 -0.0012207 -0.000396729 0 0 0 0 0 
0 0 0 0 0 0 0 0 0 0 0 0 0 0 0 0 0 0 0 0 0 0 0 0 0 0 0 0 0 0 0 0 0 0 0 0 0 0 0 0 0 0 0 0 0 0 0 0 0 0 0 0 0 0 0 0 0 0 0 0 0 0 0 0 0 0 0 0 0 0 0 0 0 0 0 0 0 0 0 0 0 -0.000396729 -0.0012207 -0.00437927 -0.00837708 -0.0166321 -0.0225677 -0.0308228 -0.030838 -0.0308228 -0.0225677 -0.0166321 -0.00837708 -0.00437927 -0.0012207 -0.000396729 0 0 0 0 
0 0 0 0 0 0 0 0 0 0 0 0 0 0 0 0 0 0 0 0 0 0 0 0 0 0 0 0 0 0 0 0 0 0 0 0 0 0 0 0 0 0 0 0 0 0 0 0 0 0 0 0 0 0 0 0 0 0 0 0 0 0 0 0 0 0 0 0 0 0 0 0 0 0 0 0 0 0 0 0 0 0 -0.000396729 -0.0012207 -0.00437927 -0.00837708 -0.0166321 -0.0225677 -0.0308228 -0.030838 -0.0308228 -0.0225677 -0.0166321 -0.00837708 -0.00437927 -0.0012207 -0.000396729 0 0 0 
0 0 0 0 0 0 0 0 0 0 0 0 0 0 0 0 0 0 0 0 0 0 0 0 0 0 0 0 0 0 0 0 0 0 0 0 0 0 0 0 0 0 0 0 0 0 0 0 0 0 0 0 0 0 0 0 0 0 0 0 0 0 0 0 0 0 0 0 0 0 0 0 0 0 0 0 0 0 0 0 0 0 0 -0.000396729 -0.0012207 -0.00437927 -0.00837708 -0.0166321 -0.0225677 -0.0308228 -0.030838 -0.0308228 -0.0225677 -0.0166321 -0.00837708 -0.00437927 -0.0012207 -0.000396729 0 0 
0 0 0 0 0 0 0 0 0 0 0 0 0 0 0 0 0 0 0 0 0 0 0 0 0 0 0 0 0 0 0 0 0 0 0 0 0 0 0 0 0 0 0 0 0 0 0 0 0 0 0 0 0 0 0 0 0 0 0 0 0 0 0 0 0 0 0 0 0 0 0 0 0 0 0 0 0 0 0 0 0 0 0 0 -0.000396729 -0.0012207 -0.00437927 -0.00837708 -0.0166321 -0.0225677 -0.0308228 -0.030838 -0.0308228 -0.0225677 -0.0166321 -0.00837708 -0.00437927 -0.0012207 -0.000396729 0 
0 0 0 0 0 0 0 0 0 0 0 0 0 0 0 0 0 0 0 0 0 0 0 0 0 0 0 0 0 0 0 0 0 0 0 0 0 0 0 0 0 0 0 0 0 0 0 0 0 0 0 0 0 0 0 0 0 0 0 0 0 0 0 0 0 0 0 0 0 0 0 0 0 0 0 0 0 0 0 0 0 0 0 0 0 -0.000396729 -0.0012207 -0.00437927 -0.00837708 -0.0166321 -0.0225677 -0.0308228 -0.030838 -0.0308228 -0.0225677 -0.0166321 -0.00837708 -0.00437927 -0.0012207 -0.000656128 
0 0 0 0 0 0 0 0 0 0 0 0 0 0 0 0 0 0 0 0 0 0 0 0 0 0 0 0 0 0 0 0 0 0 0 0 0 0 0 0 0 0 0 0 0 0 0 0 0 0 0 0 0 0 0 0 0 0 0 0 0 0 0 0 0 0 0 0 0 0 0 0 0 0 0 0 0 0 0 0 0 0 0 0 0 0 -0.000396729 -0.0012207 -0.00437927 -0.00837708 -0.0166321 -0.0225677 -0.0308228 -0.030838 -0.0308228 -0.0225677 -0.0166321 -0.00837708 -0.00462341 -0.00218201 
0 0 0 0 0 0 0 0 0 0 0 0 0 0 0 0 0 0 0 0 0 0 0 0 0 0 0 0 0 0 0 0 0 0 0 0 0 0 0 0 0 0 0 0 0 0 0 0 0 0 0 0 0 0 0 0 0 0 0 0 0 0 0 0 0 0 0 0 0 0 0 0 0 0 0 0 0 0 0 0 0 0 0 0 0 0 0 -0.000396729 -0.0012207 -0.00437927 -0.00837708 -0.0166321 -0.0225677 -0.0308228 -0.030838 -0.0308228 -0.0225677 -0.0168304 -0.00921631 -0.00741577 
0 0 0 0 0 0 0 0 0 0 0 0 0 0 0 0 0 0 0 0 0 0 0 0 0 0 0 0 0 0 0 0 0 0 0 0 0 0 0 0 0 0 0 0 0 0 0 0 0 0 0 0 0 0 0 0 0 0 0 0 0 0 0 0 0 0 0 0 0 0 0 0 0 0 0 0 0 0 0 0 0 0 0 0 0 0 0 0 -0.000396729 -0.0012207 -0.00437927 -0.00837708 -0.0166321 -0.0225677 -0.0308228 -0.030838 -0.0309906 -0.0232239 -0.0190735 -0.0144958 
0 0 0 0 0 0 0 0 0 0 0 0 0 0 0 0 0 0 0 0 0 0 0 0 0 0 0 0 0 0 0 0 0 0 0 0 0 0 0 0 0 0 0 0 0 0 0 0 0 0 0 0 0 0 0 0 0 0 0 0 0 0 0 0 0 0 0 0 0 0 0 0 0 0 0 0 0 0 0 0 0 0 0 0 0 0 0 0 0 -0.000396729 -0.0012207 -0.00437927 -0.00837708 -0.0166321 -0.0225677 -0.0309906 -0.0314026 -0.0326996 -0.0272064 -0.0266113 
0 0 0 0 0 0 0 0 0 0 0 0 0 0 0 0 0 0 0 0 0 0 0 0 0 0 0 0 0 0 0 0 0 0 0 0 0 0 0 0 0 0 0 0 0 0 0 0 0 0 0 0 0 0 0 0 0 0 0 0 0 0 0 0 0 0 0 0 0 0 0 0 0 0 0 0 0 0 0 0 0 0 0 0 0 0 0 0 0 0 -0.000396729 -0.0012207 -0.00437927 -0.00837708 -0.0168304 -0.0232239 -0.0326996 -0.0346985 -0.038208 -0.0357819 
0 0 0 0 0 0 0 0 0 0 0 0 0 0 0 0 0 0 0 0 0 0 0 0 0 0 0 0 0 0 0 0 0 0 0 0 0 0 0 0 0 0 0 0 0 0 0 0 0 0 0 0 0 0 0 0 0 0 0 0 0 0 0 0 0 0 0 0 0 0 0 0 0 0 0 0 0 0 0 0 0 0 0 0 0 0 0 0 0 0 0 -0.000396729 -0.0012207 -0.00462341 -0.00921631 -0.0190735 -0.0272064 -0.038208 -0.0415955 -0.0450897 
0 0 0 0 0 0 0 0 0 0 0 0 0 0 0 0 0 0 0 0 0 0 0 0 0 0 0 0 0 0 0 0 0 0 0 0 0 0 0 0 0 0 0 0 0 0 0 0 0 0 0 0 0 0 0 0 0 0 0 0 0 0 0 0 0 0 0 0 0 0 0 0 0 0 0 0 0 0 0 0 0 0 0 0 0 0 0 0 0 0 0 0 -0.000656128 -0.00218201 -0.00741577 -0.0144958 -0.0266113 -0.0357819 -0.0450897 -0.0466156 
