-0.0455933 -0.0422668 -0.0364227 -0.0260162 -0.0168915 -0.00831604 -0.00370789 -0.00100708 -0.000259399 0 0 0 0 0 0 0 0 0 0 0 0 0 0 0 0 0 0 0 0 0 0 0 0 0 0 0 0 0 0 0 0 0 0 0 0 0 0 0 0 0 0 0 0 0 0 0 0 0 0 0 0 0 0 0 0 0 0 0 0 0 0 0 0 0 0 0 0 0 0 0 0 0 0 0 0 0 0 0 0 0 0 0 0 0 0 0 0 0 0 0 
-0.0422668 -0.041626 -0.0354919 -0.0287476 -0.018631 -0.0114288 -0.00511169 -0.00224304 -0.000564575 -0.000152588 0 0 0 0 0 0 0 0 0 0 0 0 0 0 0 0 0 0 0 0 0 0 0 0 0 0 0 0 0 0 0 0 0 0 0 0 0 0 0 0 0 0 0 0 0 0 0 0 0 0 0 0 0 0 0 0 0 0 0 0 0 0 0 0 0 0 0 0 0 0 0 0 0 0 0 0 0 0 0 0 0 0 0 0 0 0 0 0 0 0 
-0.0364227 -0.0354919 -0.0352936 -0.0298462 -0.0245514 -0.016037 -0.0101624 -0.00471497 -0.00215149 -0.000564575 -0.000152588 0 0 0 0 0 0 0 0 0 0 0 0 0 0 0 0 0 0 0 0 0 0 0 0 0 0 0 0 0 0 0 0 0 0 0 0 0 0 0 0 0 0 0 0 0 0 0 0 0 0 0 0 0 0 0 0 0 0 0 0 0 0 0 0 0 0 0 0 0 0 0 0 0 0 0 0 0 0 0 0 0 0 0 0 0 0 0 0 0 
-0.0260162 -0.0287476 -0.0298462 -0.0317535 -0.0278015 -0.0235596 -0.0157013 -0.0100708 -0.00471497 -0.00215149 -0.000564575 -0.000152588 0 0 0 0 0 0 0 0 0 0 0 0 0 0 0 0 0 0 0 0 0 0 0 0 0 0 0 0 0 0 0 0 0 0 0 0 0 0 0 0 0 0 0 0 0 0 0 0 0 0 0 0 0 0 0 0 0 0 0 0 0 0 0 0 0 0 0 0 0 0 0 0 0 0 0 0 0 0 0 0 0 0 0 0 0 0 0 0 
-0.0168915 -0.018631 -0.0245514 -0.0278015 -0.0308838 -0.0275269 -0.0234833 -0.0157013 -0.0100708 -0.00471497 -0.00215149 -0.000564575 -0.000152588 0 0 0 0 0 0 0 0 0 0 0 0 0 0 0 0 0 0 0 0 0 0 0 0 0 0 0 0 0 0 0 0 0 0 0 0 0 0 0 0 0 0 0 0 0 0 0 0 0 0 0 0 0 0 0 0 0 0 0 0 0 0 0 0 0 0 0 0 0 0 0 0 0 0 0 0 0 0 0 0 0 0 0 0 0 0 0 
-0.00831604 -0.0114288 -0.016037 -0.0235596 -0.0275269 -0.0308228 -0.0275269 -0.0234833 -0.0157013 -0.0100708 -0.00471497 -0.00215149 -0.000564575 -0.000152588 0 0 0 0 0 0 0 0 0 0 0 0 0 0 0 0 0 0 0 0 0 0 0 0 0 0 0 0 0 0 0 0 0 0 0 0 0 0 0 0 0 0 0 0 0 0 0 0 0 0 0 0 0 0 0 0 0 0 0 0 0 0 0 0 0 0 0 0 0 0 0 0 0 0 0 0 0 0 0 0 0 0 0 0 0 0 
-0.00370789 -0.00511169 -0.0101624 -0.0157013 -0.0234833 -0.0275269 -0.0308228 -0.0275269 -0.0234833 -0.0157013 -0.0100708 -0.00471497 -0.00215149 -0.000564575 -0.000152588 0 0 0 0 0 0 0 0 0 0 0 0 0 0 0 0 0 0 0 0 0 0 0 0 0 0 0 0 0 0 0 0 0 0 0 0 0 0 0 0 0 0 0 0 0 0 0 0 0 0 0 0 0 0 0 0 0 0 0 0 0 0 0 0 0 0 0 0 0 0 0 0 0 0 0 0 0 0 0 0 0 0 0 0 0 
-0.00100708 -0.00224304 -0.00471497 -0.0100708 -0.0157013 -0.0234833 -0.0275269 -0.0308228 -0.0275269 -0.0234833 -0.0157013 -0.0100708 -0.00471497 -0.00215149 -0.000564575 -0.000152588 0 0 0 0 0 0 0 0 0 0 0 0 0 0 0 0 0 0 0 0 0 0 0 0 0 0 0 0 0 0 0 0 0 0 0 0 0 0 0 0 0 0 0 0 0 0 0 0 0 0 0 0 0 0 0 0 0 0 0 0 0 0 0 0 0 0 0 0 0 0 0 0 0 0 0 0 0 0 0 0 0 0 0 0 
-0.000259399 -0.000564575 -0.00215149 -0.00471497 -0.0100708 -0.0157013 -0.0234833 -0.0275269 -0.0308228 -0.0275269 -0.0234833 -0.0157013 -0.0100708 -0.00471497 -0.00215149 -0.000564575 -0.000152588 0 0 0 0 0 0 0 0 0 0 0 0 0 0 0 0 0 0 0 0 0 0 0 0 0 0 0 0 0 0 0 0 0 0 0 0 0 0 0 0 0 0 0 0 0 0 0 0 0 0 0 0 0 0 0 0 0 0 0 0 0 0 0 0 0 0 0 0 0 0 0 0 0 0 0 0 0 0 0 0 0 0 0 
0 -0.000152588 -0.000564575 -0.00215149 -0.00471497 -0.0100708 -0.0157013 -0.0234833 -0.0275269 -0.0308228 -0.0275269 -0.0234833 -0.0157013 -0.0100708 -0.00471497 -0.00215149 -0.000564575 -0.000152588 0 0 0 0 0 0 0 0 0 0 0 0 0 0 0 0 0 0 0 0 0 0 0 0 0 0 0 0 0 0 0 0 0 0 0 0 0 0 0 0 0 0 0 0 0 0 0 0 0 0 0 0 0 0 0 0 0 0 0 0 0 0 0 0 0 0 0 0 0 0 0 0 0 0 0 0 0 0 0 0 0 0 
0 0 -0.000152588 -0.000564575 -0.00215149 -0.00471497 -0.0100708 -0.0157013 -0.0234833 -0.0275269 -0.0308228 -0.0275269 -0.0234833 -0.0157013 -0.0100708 -0.00471497 -0.00215149 -0.000564575 -0.000152588 0 0 0 0 0 0 0 0 0 0 0 0 0 0 0 0 0 0 0 0 0 0 0 0 0 0 0 0 0 0 0 0 0 0 0 0 0 0 0 0 0 0 0 0 0 0 0 0 0 0 0 0 0 0 0 0 0 0 0 0 0 0 0 0 0 0 0 0 0 0 0 0 0 0 0 0 0 0 0 0 0 
0 0 0 -0.000152588 -0.000564575 -0.00215149 -0.00471497 -0.0100708 -0.0157013 -0.0234833 -0.0275269 -0.0308228 -0.0275269 -0.0234833 -0.0157013 -0.0100708 -0.00471497 -0.00215149 -0.000564575 -0.000152588 0 0 0 0 0 0 0 0 0 0 0 0 0 0 0 0 0 0 0 0 0 0 0 0 0 0 0 0 0 0 0 0 0 0 0 0 0 0 0 0 0 0 0 0 0 0 0 0 0 0 0 0 0 0 0 0 0 0 0 0 0 0 0 0 0 0 0 0 0 0 0 0 0 0 0 0 0 0 0 0 
0 0 0 0 -0.000152588 -0.000564575 -0.00215149 -0.00471497 -0.0100708 -0.0157013 -0.0234833 -0.0275269 -0.0308228 -0.0275269 -0.0234833 -0.0157013 -0.0100708 -0.00471497 -0.00215149 -0.000564575 -0.000152588 0 0 0 0 0 0 0 0 0 0 0 0 0 0 0 0 0 0 0 0 0 0 0 0 0 0 0 0 0 0 0 0 0 0 0 0 0 0 0 0 0 0 0 0 0 0 0 0 0 0 0 0 0 0 0 0 0 0 0 0 0 0 0 0 0 0 0 0 0 0 0 0 0 0 0 0 0 0 0 
0 0 0 0 0 -0.000152588 -0.000564575 -0.00215149 -0.00471497 -0.0100708 -0.0157013 -0.0234833 -0.0275269 -0.0308228 -0.0275269 -0.0234833 -0.0157013 -0.0100708 -0.00471497 -0.00215149 -0.000564575 -0.000152588 0 0 0 0 0 0 0 0 0 0 0 0 0 0 0 0 0 0 0 0 0 0 0 0 0 0 0 0 0 0 0 0 0 0 0 0 0 0 0 0 0 0 0 0 0 0 0 0 0 0 0 0 0 0 0 0 0 0 0 0 0 0 0 0 0 0 0 0 0 0 0 0 0 0 0 0 0 0 
0 0 0 0 0 0 -0.000152588 -0.000564575 -0.00215149 -0.00471497 -0.0100708 -0.0157013 -0.0234833 -0.0275269 -0.0308228 -0.0275269 -0.0234833 -0.0157013 -0.0100708 -0.00471497 -0.00215149 -0.000564575 -0.000152588 0 0 0 0 0 0 0 0 0 0 0 0 0 0 0 0 0 0 0 0 0 0 0 0 0 0 0 0 0 0 0 0 0 0 0 0 0 0 0 0 0 0 0 0 0 0 0 0 0 0 0 0 0 0 0 0 0 0 0 0 0 0 0 0 0 0 0 0 0 0 0 0 0 0 0 0 0 
0 0 0 0 0 0 0 -0.000152588 -0.000564575 -0.00215149 -0.00471497 -0.0100708 -0.0157013 -0.0234833 -0.0275269 -0.0308228 -0.0275269 -0.0234833 -0.0157013 -0.0100708 -0.00471497 -0.00215149 -0.000564575 -0.000152588 0 0 0 0 0 0 0 0 0 0 0 0 0 0 0 0 0 0 0 0 0 0 0 0 0 0 0 0 0 0 0 0 0 0 0 0 0 0 0 0 0 0 0 0 0 0 0 0 0 0 0 0 0 0 0 0 0 0 0 0 0 0 0 0 0 0 0 0 0 0 0 0 0 0 0 0 
0 0 0 0 0 0 0 0 -0.000152588 -0.000564575 -0.00215149 -0.00471497 -0.0100708 -0.0157013 -0.0234833 -0.0275269 -0.0308228 -0.0275269 -0.0234833 -0.0157013 -0.0100708 -0.00471497 -0.00215149 -0.000564575 -0.000152588 0 0 0 0 0 0 0 0 0 0 0 0 0 0 0 0 0 0 0 0 0 0 0 0 0 0 0 0 0 0 0 0 0 0 0 0 0 0 0 0 0 0 0 0 0 0 0 0 0 0 0 0 0 0 0 0 0 0 0 0 0 0 0 0 0 0 0 0 0 0 0 0 0 0 0 
0 0 0 0 0 0 0 0 0 -0.000152588 -0.000564575 -0.00215149 -0.00471497 -0.0100708 -0.0157013 -0.0234833 -0.0275269 -0.0308228 -0.0275269 -0.0234833 -0.0157013 -0.0100708 -0.00471497 -0.00215149 -0.000564575 -0.000152588 0 0 0 0 0 0 0 0 0 0 0 0 0 0 0 0 0 0 0 0 0 0 0 0 0 0 0 0 0 0 0 0 0 0 0 0 0 0 0 0 0 0 0 0 0 0 0 0 0 0 0 0 0 0 0 0 0 0 0 0 0 0 0 0 0 0 0 0 0 0 0 0 0 0 
0 0 0 0 0 0 0 0 0 0 -0.000152588 -0.000564575 -0.00215149 -0.00471497 -0.0100708 -0.0157013 -0.0234833 -0.0275269 -0.0308228 -0.0275269 -0.0234833 -0.0157013 -0.0100708 -0.00471497 -0.00215149 -0.000564575 -0.000152588 0 0 0 0 0 0 0 0 0 0 0 0 0 0 0 0 0 0 0 0 0 0 0 0 0 0 0 0 0 0 0 0 0 0 0 0 0 0 0 0 0 0 0 0 0 0 0 0 0 0 0 0 0 0 0 0 0 0 0 0 0 0 0 0 0 0 0 0 0 0 0 0 0 
0 0 0 0 0 0 0 0 0 0 0 -0.000152588 -0.000564575 -0.00215149 -0.00471497 -0.0100708 -0.0157013 -0.0234833 -0.0275269 -0.0308228 -0.0275269 -0.0234833 -0.0157013 -0.0100708 -0.00471497 -0.00215149 -0.000564575 -0.000152588 0 0 0 0 0 0 0 0 0 0 0 0 0 0 0 0 0 0 0 0 0 0 0 0 0 0 0 0 0 0 0 0 0 0 0 0 0 0 0 0 0 0 0 0 0 0 0 0 0 0 0 0 0 0 0 0 0 0 0 0 0 0 0 0 0 0 0 0 0 0 0 0 
0 0 0 0 0 0 0 0 0 0 0 0 -0.000152588 -0.000564575 -0.00215149 -0.00471497 -0.0100708 -0.0157013 -0.0234833 -0.0275269 -0.0308228 -0.0275269 -0.0234833 -0.0157013 -0.0100708 -0.00471497 -0.00215149 -0.000564575 -0.000152588 0 0 0 0 0 0 0 0 0 0 0 0 0 0 0 0 0 0 0 0 0 0 0 0 0 0 0 0 0 0 0 0 0 0 0 0 0 0 0 0 0 0 0 0 0 0 0 0 0 0 0 0 0 0 0 0 0 0 0 0 0 0 0 0 0 0 0 0 0 0 0 
0 0 0 0 0 0 0 0 0 0 0 0 0 -0.000152588 -0.000564575 -0.00215149 -0.00471497 -0.0100708 -0.0157013 -0.0234833 -0.0275269 -0.0308228 -0.0275269 -0.0234833 -0.0157013 -0.0100708 -0.00471497 -0.00215149 -0.000564575 -0.000152588 0 0 0 0 0 0 0 0 0 0 0 0 0 0 0 0 0 0 0 0 0 0 0 0 0 0 0 0 0 0 0 0 0 0 0 0 0 0 0 0 0 0 0 0 0 0 0 0 0 0 0 0 0 0 0 0 0 0 0 0 0 0 0 0 0 0 0 0 0 0 
0 0 0 0 0 0 0 0 0 0 0 0 0 0 -0.000152588 -0.000564575 -0.00215149 -0.00471497 -0.0100708 -0.0157013 -0.0234833 -0.0275269 -0.0308228 -0.0275269 -0.0234833 -0.0157013 -0.0100708 -0.00471497 -0.00215149 -0.000564575 -0.000152588 0 0 0 0 0 0 0 0 0 0 0 0 0 0 0 0 0 0 0 0 0 0 0 0 0 0 0 0 0 0 0 0 0 0 0 0 0 0 0 0 0 0 0 0 0 0 0 0 0 0 0 0 0 0 0 0 0 0 0 0 0 0 0 0 0 0 0 0 0 
0 0 0 0 0 0 0 0 0 0 0 0 0 0 0 -0.000152588 -0.000564575 -0.00215149 -0.00471497 -0.0100708 -0.0157013 -0.0234833 -0.0275269 -0.0308228 -0.0275269 -0.0234833 -0.0157013 -0.0100708 -0.00471497 -0.00215149 -0.000564575 -0.000152588 0 0 0 0 0 0 0 0 0 0 0 0 0 0 0 0 0 0 0 0 0 0 0 0 0 0 0 0 0 0 0 0 0 0 0 0 0 0 0 0 0 0 0 0 0 0 0 0 0 0 0 0 0 0 0 0 0 0 0 0 0 0 0 0 0 0 0 0 
0 0 0 0 0 0 0 0 0 0 0 0 0 0 0 0 -0.000152588 -0.000564575 -0.00215149 -0.00471497 -0.0100708 -0.0157013 -0.0234833 -0.0275269 -0.0308228 -0.0275269 -0.0234833 -0.0157013 -0.0100708 -0.00471497 -0.00215149 -0.000564575 -0.000152588 0 0 0 0 0 0 0 0 0 0 0 0 0 0 0 0 0 0 0 0 0 0 0 0 0 0 0 0 0 0 0 0 0 0 0 0 0 0 0 0 0 0 0 0 0 0 0 0 0 0 0 0 0 0 0 0 0 0 0 0 0 0 0 0 0 0 0 
0 0 0 0 0 0 0 0 0 0 0 0 0 0 0 0 0 -0.000152588 -0.000564575 -0.00215149 -0.00471497 -0.0100708 -0.0157013 -0.0234833 -0.0275269 -0.0308228 -0.0275269 -0.0234833 -0.0157013 -0.0100708 -0.00471497 -0.00215149 -0.000564575 -0.000152588 0 0 0 0 0 0 0 0 0 0 0 0 0 0 0 0 0 0 0 0 0 0 0 0 0 0 0 0 0 0 0 0 0 0 0 0 0 0 0 0 0 0 0 0 0 0 0 0 0 0 0 0 0 0 0 0 0 0 0 0 0 0 0 0 0 0 
0 0 0 0 0 0 0 0 0 0 0 0 0 0 0 0 0 0 -0.000152588 -0.000564575 -0.00215149 -0.00471497 -0.0100708 -0.0157013 -0.0234833 -0.0275269 -0.0308228 -0.0275269 -0.0234833 -0.0157013 -0.0100708 -0.00471497 -0.00215149 -0.000564575 -0.000152588 0 0 0 0 0 0 0 0 0 0 0 0 0 0 0 0 0 0 0 0 0 0 0 0 0 0 0 0 0 0 0 0 0 0 0 0 0 0 0 0 0 0 0 0 0 0 0 0 0 0 0 0 0 0 0 0 0 0 0 0 0 0 0 0 0 
0 0 0 0 0 0 0 0 0 0 0 0 0 0 0 0 0 0 0 -0.000152588 -0.000564575 -0.00215149 -0.00471497 -0.0100708 -0.0157013 -0.0234833 -0.0275269 -0.0308228 -0.0275269 -0.0234833 -0.0157013 -0.0100708 -0.00471497 -0.00215149 -0.000564575 -0.000152588 0 0 0 0 0 0 0 0 0 0 0 0 0 0 0 0 0 0 0 0 0 0 0 0 0 0 0 0 0 0 0 0 0 0 0 0 0 0 0 0 0 0 0 0 0 0 0 0 0 0 0 0 0 0 0 0 0 0 0 0 0 0 0 0 
0 0 0 0 0 0 0 0 0 0 0 0 0 0 0 0 0 0 0 0 -0.000152588 -0.000564575 -0.00215149 -0.00471497 -0.0100708 -0.0157013 -0.0234833 -0.0275269 -0.0308228 -0.0275269 -0.0234833 -0.0157013 -0.0100708 -0.00471497 -0.00215149 -0.000564575 -0.000152588 0 0 0 0 0 0 0 0 0 0 0 0 0 0 0 0 0 0 0 0 0 0 0 0 0 0 0 0 0 0 0 0 0 0 0 0 0 0 0 0 0 0 0 0 0 0 0 0 0 0 0 0 0 0 0 0 0 0 0 0 0 0 0 
0 0 0 0 0 0 0 0 0 0 0 0 0 0 0 0 0 0 0 0 0 -0.000152588 -0.000564575 -0.00215149 -0.00471497 -0.0100708 -0.0157013 -0.0234833 -0.0275269 -0.0308228 -0.0275269 -0.0234833 -0.0157013 -0.0100708 -0.00471497 -0.00215149 -0.000564575 -0.000152588 0 0 0 0 0 0 0 0 0 0 0 0 0 0 0 0 0 0 0 0 0 0 0 0 0 0 0 0 0 0 0 0 0 0 0 0 0 0 0 0 0 0 0 0 0 0 0 0 0 0 0 0 0 0 0 0 0 0 0 0 0 0 
0 0 0 0 0 0 0 0 0 0 0 0 0 0 0 0 0 0 0 0 0 0 -0.000152588 -0.000564575 -0.00215149 -0.00471497 -0.0100708 -0.0157013 -0.0234833 -0.0275269 -0.0308228 -0.0275269 -0.0234833 -0.0157013 -0.0100708 -0.00471497 -0.00215149 -0.000564575 -0.000152588 0 0 0 0 0 0 0 0 0 0 0 0 0 0 0 0 0 0 0 0 0 0 0 0 0 0 0 0 0 0 0 0 0 0 0 0 0 0 0 0 0 0 0 0 0 0 0 0 0 0 0 0 0 0 0 0 0 0 0 0 0 
0 0 0 0 0 0 0 0 0 0 0 0 0 0 0 0 0 0 0 0 0 0 0 -0.000152588 -0.000564575 -0.00215149 -0.00471497 -0.0100708 -0.0157013 -0.0234833 -0.0275269 -0.0308228 -0.0275269 -0.0234833 -0.0157013 -0.0100708 -0.00471497 -0.00215149 -0.000564575 -0.000152588 0 0 0 0 0 0 0 0 0 0 0 0 0 0 0 0 0 0 0 0 0 0 0 0 0 0 0 0 0 0 0 0 0 0 0 0 0 0 0 0 0 0 0 0 0 0 0 0 0 0 0 0 0 0 0 0 0 0 0 0 
0 0 0 0 0 0 0 0 0 0 0 0 0 0 0 0 0 0 0 0 0 0 0 0 -0.000152588 -0.000564575 -0.00215149 -0.00471497 -0.0100708 -0.0157013 -0.0234833 -0.0275269 -0.0308228 -0.0275269 -0.0234833 -0.0157013 -0.0100708 -0.00471497 -0.00215149 -0.000564575 -0.000152588 0 0 0 0 0 0 0 0 0 0 0 0 0 0 0 0 0 0 0 0 0 0 0 0 0 0 0 0 0 0 0 0 0 0 0 0 0 0 0 0 0 0 0 0 0 0 0 0 0 0 0 0 0 0 0 0 0 0 0 
0 0 0 0 0 0 0 0 0 0 0 0 0 0 0 0 0 0 0 0 0 0 0 0 0 -0.000152588 -0.000564575 -0.00215149 -0.00471497 -0.0100708 -0.0157013 -0.0234833 -0.0275269 -0.0308228 -0.0275269 -0.0234833 -0.0157013 -0.0100708 -0.00471497 -0.00215149 -0.000564575 -0.000152588 0 0 0 0 0 0 0 0 0 0 0 0 0 0 0 0 0 0 0 0 0 0 0 0 0 0 0 0 0 0 0 0 0 0 0 0 0 0 0 0 0 0 0 0 0 0 0 0 0 0 0 0 0 0 0 0 0 0 
0 0 0 0 0 0 0 0 0 0 0 0 0 0 0 0 0 0 0 0 0 0 0 0 0 0 -0.000152588 -0.000564575 -0.00215149 -0.00471497 -0.0100708 -0.0157013 -0.0234833 -0.0275269 -0.0308228 -0.0275269 -0.0234833 -0.0157013 -0.0100708 -0.00471497 -0.00215149 -0.000564575 -0.000152588 0 0 0 0 0 0 0 0 0 0 0 0 0 0 0 0 0 0 0 0 0 0 0 0 0 0 0 0 0 0 0 0 0 0 0 0 0 0 0 0 0 0 0 0 0 0 0 0 0 0 0 0 0 0 0 0 0 
0 0 0 0 0 0 0 0 0 0 0 0 0 0 0 0 0 0 0 0 0 0 0 0 0 0 0 -0.000152588 -0.000564575 -0.00215149 -0.00471497 -0.0100708 -0.0157013 -0.0234833 -0.0275269 -0.0308228 -0.0275269 -0.0234833 -0.0157013 -0.0100708 -0.00471497 -0.00215149 -0.000564575 -0.000152588 0 0 0 0 0 0 0 0 0 0 0 0 0 0 0 0 0 0 0 0 0 0 0 0 0 0 0 0 0 0 0 0 0 0 0 0 0 0 0 0 0 0 0 0 0 0 0 0 0 0 0 0 0 0 0 0 
0 0 0 0 0 0 0 0 0 0 0 0 0 0 0 0 0 0 0 0 0 0 0 0 0 0 0 0 -0.000152588 -0.000564575 -0.00215149 -0.00471497 -0.0100708 -0.0157013 -0.0234833 -0.0275269 -0.0308228 -0.0275269 -0.0234833 -0.0157013 -0.0100708 -0.00471497 -0.00215149 -0.000564575 -0.000152588 0 0 0 0 0 0 0 0 0 0 0 0 0 0 0 0 0 0 0 0 0 0 0 0 0 0 0 0 0 0 0 0 0 0 0 0 0 0 0 0 0 0 0 0 0 0 0 0 0 0 0 0 0 0 0 
0 0 0 0 0 0 0 0 0 0 0 0 0 0 0 0 0 0 0 0 0 0 0 0 0 0 0 0 0 -0.000152588 -0.000564575 -0.00215149 -0.00471497 -0.0100708 -0.0157013 -0.0234833 -0.0275269 -0.0308228 -0.0275269 -0.0234833 -0.0157013 -0.0100708 -0.00471497 -0.00215149 -0.000564575 -0.000152588 0 0 0 0 0 0 0 0 0 0 0 0 0 0 0 0 0 0 0 0 0 0 0 0 0 0 0 0 0 0 0 0 0 0 0 0 0 0 0 0 0 0 0 0 0 0 0 0 0 0 0 0 0 0 
0 0 0 0 0 0 0 0 0 0 0 0 0 0 0 0 0 0 0 0 0 0 0 0 0 0 0 0 0 0 -0.000152588 -0.000564575 -0.00215149 -0.00471497 -0.0100708 -0.0157013 -0.0234833 -0.0275269 -0.0308228 -0.0275269 -0.0234833 -0.0157013 -0.0100708 -0.00471497 -0.00215149 -0.000564575 -0.000152588 0 0 0 0 0 0 0 0 0 0 0 0 0 0 0 0 0 0 0 0 0 0 0 0 0 0 0 0 0 0 0 0 0 0 0 0 0 0 0 0 0 0 0 0 0 0 0 0 0 0 0 0 0 
0 0 0 0 0 0 0 0 0 0 0 0 0 0 0 0 0 0 0 0 0 0 0 0 0 0 0 0 0 0 0 -0.000152588 -0.000564575 -0.00215149 -0.00471497 -0.0100708 -0.0157013 -0.0234833 -0.0275269 -0.0308228 -0.0275269 -0.0234833 -0.0157013 -0.0100708 -0.00471497 -0.00215149 -0.000564575 -0.000152588 0 0 0 0 0 0 0 0 0 0 0 0 0 0 0 0 0 0 0 0 0 0 0 0 0 0 0 0 0 0 0 0 0 0 0 0 0 0 0 0 0 0 0 0 0 0 0 0 0 0 0 0 
0 0 0 0 0 0 0 0 0 0 0 0 0 0 0 0 0 0 0 0 0 0 0 0 0 0 0 0 0 0 0 0 -0.000152588 -0.000564575 -0.00215149 -0.00471497 -0.0100708 -0.0157013 -0.0234833 -0.0275269 -0.0308228 -0.0275269 -0.0234833 -0.0157013 -0.0100708 -0.00471497 -0.00215149 -0.000564575 -0.000152588 0 0 0 0 0 0 0 0 0 0 0 0 0 0 0 0 0 0 0 0 0 0 0 0 0 0 0 0 0 0 0 0 0 0 0 0 0 0 0 0 0 0 0 0 0 0 0 0 0 0 0 
0 0 0 0 0 0 0 0 0 0 0 0 0 0 0 0 0 0 0 0 0 0 0 0 0 0 0 0 0 0 0 0 0 -0.000152588 -0.000564575 -0.00215149 -0.00471497 -0.0100708 -0.0157013 -0.0234833 -0.0275269 -0.0308228 -0.0275269 -0.0234833 -0.0157013 -0.0100708 -0.00471497 -0.00215149 -0.000564575 -0.000152588 0 0 0 0 0 0 0 0 0 0 0 0 0 0 0 0 0 0 0 0 0 0 0 0 0 0 0 0 0 0 0 0 0 0 0 0 0 0 0 0 0 0 0 0 0 0 0 0 0 0 
0 0 0 0 0 0 0 0 0 0 0 0 0 0 0 0 0 0 0 0 0 0 0 0 0 0 0 0 0 0 0 0 0 0 -0.000152588 -0.000564575 -0.00215149 -0.00471497 -0.0100708 -0.0157013 -0.0234833 -0.0275269 -0.0308228 -0.0275269 -0.0234833 -0.0157013 -0.0100708 -0.00471497 -0.00215149 -0.000564575 -0.000152588 0 0 0 0 0 0 0 0 0 0 0 0 0 0 0 0 0 0 0 0 0 0 0 0 0 0 0 0 0 0 0 0 0 0 0 0 0 0 0 0 0 0 0 0 0 0 0 0 0 
0 0 0 0 0 0 0 0 0 0 0 0 0 0 0 0 0 0 0 0 0 0 0 0 0 0 0 0 0 0 0 0 0 0 0 -0.000152588 -0.000564575 -0.00215149 -0.00471497 -0.0100708 -0.0157013 -0.0234833 -0.0275269 -0.0308228 -0.0275269 -0.0234833 -0.0157013 -0.0100708 -0.00471497 -0.00215149 -0.000564575 -0.000152588 0 0 0 0 0 0 0 0 0 0 0 0 0 0 0 0 0 0 0 0 0 0 0 0 0 0 0 0 0 0 0 0 0 0 0 0 0 0 0 0 0 0 0 0 0 0 0 0 
0 0 0 0 0 0 0 0 0 0 0 0 0 0 0 0 0 0 0 0 0 0 0 0 0 0 0 0 0 0 0 0 0 0 0 0 -0.000152588 -0.000564575 -0.00215149 -0.00471497 -0.0100708 -0.0157013 -0.0234833 -0.0275269 -0.0308228 -0.0275269 -0.0234833 -0.0157013 -0.0100708 -0.00471497 -0.00215149 -0.000564575 -0.000152588 0 0 0 0 0 0 0 0 0 0 0 0 0 0 0 0 0 0 0 0 0 0 0 0 0 0 0 0 0 0 0 0 0 0 0 0 0 0 0 0 0 0 0 0 0 0 0 
0 0 0 0 0 0 0 0 0 0 0 0 0 0 0 0 0 0 0 0 0 0 0 0 0 0 0 0 0 0 0 0 0 0 0 0 0 -0.000152588 -0.000564575 -0.00215149 -0.00471497 -0.0100708 -0.0157013 -0.0234833 -0.0275269 -0.0308228 -0.0275269 -0.0234833 -0.0157013 -0.0100708 -0.00471497 -0.00215149 -0.000564575 -0.000152588 0 0 0 0 0 0 0 0 0 0 0 0 0 0 0 0 0 0 0 0 0 0 0 0 0 0 0 0 0 0 0 0 0 0 0 0 0 0 0 0 0 0 0 0 0 0 
0 0 0 0 0 0 0 0 0 0 0 0 0 0 0 0 0 0 0 0 0 0 0 0 0 0 0 0 0 0 0 0 0 0 0 0 0 0 -0.000152588 -0.000564575 -0.00215149 -0.00471497 -0.0100708 -0.0157013 -0.0234833 -0.0275269 -0.0308228 -0.0275269 -0.0234833 -0.0157013 -0.0100708 -0.00471497 -0.00215149 -0.000564575 -0.000152588 0 0 0 0 0 0 0 0 0 0 0 0 0 0 0 0 0 0 0 0 0 0 0 0 0 0 0 0 0 0 0 0 0 0 0 0 0 0 0 0 0 0 0 0 0 
0 0 0 0 0 0 0 0 0 0 0 0 0 0 0 0 0 0 0 0 0 0 0 0 0 0 0 0 0 0 0 0 0 0 0 0 0 0 0 -0.000152588 -0.000564575 -0.00215149 -0.00471497 -0.0100708 -0.0157013 -0.0234833 -0.0275269 -0.0308228 -0.0275269 -0.0234833 -0.0157013 -0.0100708 -0.00471497 -0.00215149 -0.000564575 -0.000152588 0 0 0 0 0 0 0 0 0 0 0 0 0 0 0 0 0 0 0 0 0 0 0 0 0 0 0 0 0 0 0 0 0 0 0 0 0 0 0 0 0 0 0 0 
0 0 0 0 0 0 0 0 0 0 0 0 0 0 0 0 0 0 0 0 0 0 0 0 0 0 0 0 0 0 0 0 0 0 0 0 0 0 0 0 -0.000152588 -0.000564575 -0.00215149 -0.00471497 -0.0100708 -0.0157013 -0.0234833 -0.0275269 -0.0308228 -0.0275269 -0.0234833 -0.0157013 -0.0100708 -0.00471497 -0.00215149 -0.000564575 -0.000152588 0 0 0 0 0 0 0 0 0 0 0 0 0 0 0 0 0 0 0 0 0 0 0 0 0 0 0 0 0 0 0 0 0 0 0 0 0 0 0 0 0 0 0 
0 0 0 0 0 0 0 0 0 0 0 0 0 0 0 0 0 0 0 0 0 0 0 0 0 0 0 0 0 0 0 0 0 0 0 0 0 0 0 0 0 -0.000152588 -0.000564575 -0.00215149 -0.00471497 -0.0100708 -0.0157013 -0.0234833 -0.0275269 -0.0308228 -0.0275269 -0.0234833 -0.0157013 -0.0100708 -0.00471497 -0.00215149 -0.000564575 -0.000152588 0 0 0 0 0 0 0 0 0 0 0 0 0 0 0 0 0 0 0 0 0 0 0 0 0 0 0 0 0 0 0 0 0 0 0 0 0 0 0 0 0 0 
0 0 0 0 0 0 0 0 0 0 0 0 0 0 0 0 0 0 0 0 0 0 0 0 0 0 0 0 0 0 0 0 0 0 0 0 0 0 0 0 0 0 -0.000152588 -0.000564575 -0.00215149 -0.00471497 -0.0100708 -0.0157013 -0.0234833 -0.0275269 -0.0308228 -0.0275269 -0.0234833 -0.0157013 -0.0100708 -0.00471497 -0.00215149 -0.000564575 -0.000152588 0 0 0 0 0 0 0 0 0 0 0 0 0 0 0 0 0 0 0 0 0 0 0 0 0 0 0 0 0 0 0 0 0 0 0 0 0 0 0 0 0 
0 0 0 0 0 0 0 0 0 0 0 0 0 0 0 0 0 0 0 0 0 0 0 0 0 0 0 0 0 0 0 0 0 0 0 0 0 0 0 0 0 0 0 -0.000152588 -0.000564575 -0.00215149 -0.00471497 -0.0100708 -0.0157013 -0.0234833 -0.0275269 -0.0308228 -0.0275269 -0.0234833 -0.0157013 -0.0100708 -0.00471497 -0.00215149 -0.000564575 -0.000152588 0 0 0 0 0 0 0 0 0 0 0 0 0 0 0 0 0 0 0 0 0 0 0 0 0 0 0 0 0 0 0 0 0 0 0 0 0 0 0 0 
0 0 0 0 0 0 0 0 0 0 0 0 0 0 0 0 0 0 0 0 0 0 0 0 0 0 0 0 0 0 0 0 0 0 0 0 0 0 0 0 0 0 0 0 -0.000152588 -0.000564575 -0.00215149 -0.00471497 -0.0100708 -0.0157013 -0.0234833 -0.0275269 -0.0308228 -0.0275269 -0.0234833 -0.0157013 -0.0100708 -0.00471497 -0.00215149 -0.000564575 -0.000152588 0 0 0 0 0 0 0 0 0 0 0 0 0 0 0 0 0 0 0 0 0 0 0 0 0 0 0 0 0 0 0 0 0 0 0 0 0 0 0 
0 0 0 0 0 0 0 0 0 0 0 0 0 0 0 0 0 0 0 0 0 0 0 0 0 0 0 0 0 0 0 0 0 0 0 0 0 0 0 0 0 0 0 0 0 -0.000152588 -0.000564575 -0.00215149 -0.00471497 -0.0100708 -0.0157013 -0.0234833 -0.0275269 -0.0308228 -0.0275269 -0.0234833 -0.0157013 -0.0100708 -0.00471497 -0.00215149 -0.000564575 -0.000152588 0 0 0 0 0 0 0 0 0 0 0 0 0 0 0 0 0 0 0 0 0 0 0 0 0 0 0 0 0 0 0 0 0 0 0 0 0 0 
0 0 0 0 0 0 0 0 0 0 0 0 0 0 0 0 0 0 0 0 0 0 0 0 0 0 0 0 0 0 0 0 0 0 0 0 0 0 0 0 0 0 0 0 0 0 -0.000152588 -0.000564575 -0.00215149 -0.00471497 -0.0100708 -0.0157013 -0.0234833 -0.0275269 -0.0308228 -0.0275269 -0.0234833 -0.0157013 -0.0100708 -0.00471497 -0.00215149 -0.000564575 -0.000152588 0 0 0 0 0 0 0 0 0 0 0 0 0 0 0 0 0 0 0 0 0 0 0 0 0 0 0 0 0 0 0 0 0 0 0 0 0 
0 0 0 0 0 0 0 0 0 0 0 0 0 0 0 0 0 0 0 0 0 0 0 0 0 0 0 0 0 0 0 0 0 0 0 0 0 0 0 0 0 0 0 0 0 0 0 -0.000152588 -0.000564575 -0.00215149 -0.00471497 -0.0100708 -0.0157013 -0.0234833 -0.0275269 -0.0308228 -0.0275269 -0.0234833 -0.0157013 -0.0100708 -0.00471497 -0.00215149 -0.000564575 -0.000152588 0 0 0 0 0 0 0 0 0 0 0 0 0 0 0 0 0 0 0 0 0 0 0 0 0 0 0 0 0 0 0 0 0 0 0 0 
0 0 0 0 0 0 0 0 0 0 0 0 0 0 0 0 0 0 0 0 0 0 0 0 0 0 0 0 0 0 0 0 0 0 0 0 0 0 0 0 0 0 0 0 0 0 0 0 -0.000152588 -0.000564575 -0.00215149 -0.00471497 -0.0100708 -0.0157013 -0.0234833 -0.0275269 -0.0308228 -0.0275269 -0.0234833 -0.0157013 -0.0100708 -0.00471497 -0.00215149 -0.000564575 -0.000152588 0 0 0 0 0 0 0 0 0 0 0 0 0 0 0 0 0 0 0 0 0 0 0 0 0 0 0 0 0 0 0 0 0 0 0 
0 0 0 0 0 0 0 0 0 0 0 0 0 0 0 0 0 0 0 0 0 0 0 0 0 0 0 0 0 0 0 0 0 0 0 0 0 0 0 0 0 0 0 0 0 0 0 0 0 -0.000152588 -0.000564575 -0.00215149 -0.00471497 -0.0100708 -0.0157013 -0.0234833 -0.0275269 -0.0308228 -0.0275269 -0.0234833 -0.0157013 -0.0100708 -0.00471497 -0.00215149 -0.000564575 -0.000152588 0 0 0 0 0 0 0 0 0 0 0 0 0 0 0 0 0 0 0 0 0 0 0 0 0 0 0 0 0 0 0 0 0 0 
0 0 0 0 0 0 0 0 0 0 0 0 0 0 0 0 0 0 0 0 0 0 0 0 0 0 0 0 0 0 0 0 0 0 0 0 0 0 0 0 0 0 0 0 0 0 0 0 0 0 -0.000152588 -0.000564575 -0.00215149 -0.00471497 -0.0100708 -0.0157013 -0.0234833 -0.0275269 -0.0308228 -0.0275269 -0.0234833 -0.0157013 -0.0100708 -0.00471497 -0.00215149 -0.000564575 -0.000152588 0 0 0 0 0 0 0 0 0 0 0 0 0 0 0 0 0 0 0 0 0 0 0 0 0 0 0 0 0 0 0 0 0 
0 0 0 0 0 0 0 0 0 0 0 0 0 0 0 0 0 0 0 0 0 0 0 0 0 0 0 0 0 0 0 0 0 0 0 0 0 0 0 0 0 0 0 0 0 0 0 0 0 0 0 -0.000152588 -0.000564575 -0.00215149 -0.00471497 -0.0100708 -0.0157013 -0.0234833 -0.0275269 -0.0308228 -0.0275269 -0.0234833 -0.0157013 -0.0100708 -0.00471497 -0.00215149 -0.000564575 -0.000152588 0 0 0 0 0 0 0 0 0 0 0 0 0 0 0 0 0 0 0 0 0 0 0 0 0 0 0 0 0 0 0 0 
0 0 0 0 0 0 0 0 0 0 0 0 0 0 0 0 0 0 0 0 0 0 0 0 0 0 0 0 0 0 0 0 0 0 0 0 0 0 0 0 0 0 0 0 0 0 0 0 0 0 0 0 -0.000152588 -0.000564575 -0.00215149 -0.00471497 -0.0100708 -0.0157013 -0.0234833 -0.0275269 -0.0308228 -0.0275269 -0.0234833 -0.0157013 -0.0100708 -0.00471497 -0.00215149 -0.000564575 -0.000152588 0 0 0 0 0 0 0 0 0 0 0 0 0 0 0 0 0 0 0 0 0 0 0 0 0 0 0 0 0 0 0 
0 0 0 0 0 0 0 0 0 0 0 0 0 0 0 0 0 0 0 0 0 0 0 0 0 0 0 0 0 0 0 0 0 0 0 0 0 0 0 0 0 0 0 0 0 0 0 0 0 0 0 0 0 -0.000152588 -0.000564575 -0.00215149 -0.00471497 -0.0100708 -0.0157013 -0.0234833 -0.0275269 -0.0308228 -0.0275269 -0.0234833 -0.0157013 -0.0100708 -0.00471497 -0.00215149 -0.000564575 -0.000152588 0 0 0 0 0 0 0 0 0 0 0 0 0 0 0 0 0 0 0 0 0 0 0 0 0 0 0 0 0 0 
0 0 0 0 0 0 0 0 0 0 0 0 0 0 0 0 0 0 0 0 0 0 0 0 0 0 0 0 0 0 0 0 0 0 0 0 0 0 0 0 0 0 0 0 0 0 0 0 0 0 0 0 0 0 -0.000152588 -0.000564575 -0.00215149 -0.00471497 -0.0100708 -0.0157013 -0.0234833 -0.0275269 -0.0308228 -0.0275269 -0.0234833 -0.0157013 -0.0100708 -0.00471497 -0.00215149 -0.000564575 -0.000152588 0 0 0 0 0 0 0 0 0 0 0 0 0 0 0 0 0 0 0 0 0 0 0 0 0 0 0 0 0 
0 0 0 0 0 0 0 0 0 0 0 0 0 0 0 0 0 0 0 0 0 0 0 0 0 0 0 0 0 0 0 0 0 0 0 0 0 0 0 0 0 0 0 0 0 0 0 0 0 0 0 0 0 0 0 -0.000152588 -0.000564575 -0.00215149 -0.00471497 -0.0100708 -0.0157013 -0.0234833 -0.0275269 -0.0308228 -0.0275269 -0.0234833 -0.0157013 -0.0100708 -0.00471497 -0.00215149 -0.000564575 -0.000152588 0 0 0 0 0 0 0 0 0 0 0 0 0 0 0 0 0 0 0 0 0 0 0 0 0 0 0 0 
0 0 0 0 0 0 0 0 0 0 0 0 0 0 0 0 0 0 0 0 0 0 0 0 0 0 0 0 0 0 0 0 0 0 0 0 0 0 0 0 0 0 0 0 0 0 0 0 0 0 0 0 0 0 0 0 -0.000152588 -0.000564575 -0.00215149 -0.00471497 -0.0100708 -0.0157013 -0.0234833 -0.0275269 -0.0308228 -0.0275269 -0.0234833 -0.0157013 -0.0100708 -0.00471497 -0.00215149 -0.000564575 -0.000152588 0 0 0 0 0 0 0 0 0 0 0 0 0 0 0 0 0 0 0 0 0 0 0 0 0 0 0 
0 0 0 0 0 0 0 0 0 0 0 0 0 0 0 0 0 0 0 0 0 0 0 0 0 0 0 0 0 0 0 0 0 0 0 0 0 0 0 0 0 0 0 0 0 0 0 0 0 0 0 0 0 0 0 0 0 -0.000152588 -0.000564575 -0.00215149 -0.00471497 -0.0100708 -0.0157013 -0.0234833 -0.0275269 -0.0308228 -0.0275269 -0.0234833 -0.0157013 -0.0100708 -0.00471497 -0.00215149 -0.000564575 -0.000152588 0 0 0 0 0 0 0 0 0 0 0 0 0 0 0 0 0 0 0 0 0 0 0 0 0 0 
0 0 0 0 0 0 0 0 0 0 0 0 0 0 0 0 0 0 0 0 0 0 0 0 0 0 0 0 0 0 0 0 0 0 0 0 0 0 0 0 0 0 0 0 0 0 0 0 0 0 0 0 0 0 0 0 0 0 -0.000152588 -0.000564575 -0.00215149 -0.00471497 -0.0100708 -0.0157013 -0.0234833 -0.0275269 -0.0308228 -0.0275269 -0.0234833 -0.0157013 -0.0100708 -0.00471497 -0.00215149 -0.000564575 -0.000152588 0 0 0 0 0 0 0 0 0 0 0 0 0 0 0 0 0 0 0 0 0 0 0 0 0 
0 0 0 0 0 0 0 0 0 0 0 0 0 0 0 0 0 0 0 0 0 0 0 0 0 0 0 0 0 0 0 0 0 0 0 0 0 0 0 0 0 0 0 0 0 0 0 0 0 0 0 0 0 0 0 0 0 0 0 -0.000152588 -0.000564575 -0.00215149 -0.00471497 -0.0100708 -0.0157013 -0.0234833 -0.0275269 -0.0308228 -0.0275269 -0.0234833 -0.0157013 -0.0100708 -0.00471497 -0.00215149 -0.000564575 -0.000152588 0 0 0 0 0 0 0 0 0 0 0 0 0 0 0 0 0 0 0 0 0 0 0 0 
0 0 0 0 0 0 0 0 0 0 0 0 0 0 0 0 0 0 0 0 0 0 0 0 0 0 0 0 0 0 0 0 0 0 0 0 0 0 0 0 0 0 0 0 0 0 0 0 0 0 0 0 0 0 0 0 0 0 0 0 -0.000152588 -0.000564575 -0.00215149 -0.00471497 -0.0100708 -0.0157013 -0.0234833 -0.0275269 -0.0308228 -0.0275269 -0.0234833 -0.0157013 -0.0100708 -0.00471497 -0.00215149 -0.000564575 -0.000152588 0 0 0 0 0 0 0 0 0 0 0 0 0 0 0 0 0 0 0 0 0 0 0 
0 0 0 0 0 0 0 0 0 0 0 0 0 0 0 0 0 0 0 0 0 0 0 0 0 0 0 0 0 0 0 0 0 0 0 0 0 0 0 0 0 0 0 0 0 0 0 0 0 0 0 0 0 0 0 0 0 0 0 0 0 -0.000152588 -0.000564575 -0.00215149 -0.00471497 -0.0100708 -0.0157013 -0.0234833 -0.0275269 -0.0308228 -0.0275269 -0.0234833 -0.0157013 -0.0100708 -0.00471497 -0.00215149 -0.000564575 -0.000152588 0 0 0 0 0 0 0 0 0 0 0 0 0 0 0 0 0 0 0 0 0 0 
0 0 0 0 0 0 0 0 0 0 0 0 0 0 0 0 0 0 0 0 0 0 0 0 0 0 0 0 0 0 0 0 0 0 0 0 0 0 0 0 0 0 0 0 0 0 0 0 0 0 0 0 0 0 0 0 0 0 0 0 0 0 -0.000152588 -0.000564575 -0.00215149 -0.00471497 -0.0100708 -0.0157013 -0.0234833 -0.0275269 -0.0308228 -0.0275269 -0.0234833 -0.0157013 -0.0100708 -0.00471497 -0.00215149 -0.000564575 -0.000152588 0 0 0 0 0 0 0 0 0 0 0 0 0 0 0 0 0 0 0 0 0 
0 0 0 0 0 0 0 0 0 0 0 0 0 0 0 0 0 0 0 0 0 0 0 0 0 0 0 0 0 0 0 0 0 0 0 0 0 0 0 0 0 0 0 0 0 0 0 0 0 0 0 0 0 0 0 0 0 0 0 0 0 0 0 -0.000152588 -0.000564575 -0.00215149 -0.00471497 -0.0100708 -0.0157013 -0.0234833 -0.0275269 -0.0308228 -0.0275269 -0.0234833 -0.0157013 -0.0100708 -0.00471497 -0.00215149 -0.000564575 -0.000152588 0 0 0 0 0 0 0 0 0 0 0 0 0 0 0 0 0 0 0 0 
0 0 0 0 0 0 0 0 0 0 0 0 0 0 0 0 0 0 0 0 0 0 0 0 0 0 0 0 0 0 0 0 0 0 0 0 0 0 0 0 0 0 0 0 0 0 0 0 0 0 0 0 0 0 0 0 0 0 0 0 0 0 0 0 -0.000152588 -0.000564575 -0.00215149 -0.00471497 -0.0100708 -0.0157013 -0.0234833 -0.0275269 -0.0308228 -0.0275269 -0.0234833 -0.0157013 -0.0100708 -0.00471497 -0.00215149 -0.000564575 -0.000152588 0 0 0 0 0 0 0 0 0 0 0 0 0 0 0 0 0 0 0 
0 0 0 0 0 0 0 0 0 0 0 0 0 0 0 0 0 0 0 0 0 0 0 0 0 0 0 0 0 0 0 0 0 0 0 0 0 0 0 0 0 0 0 0 0 0 0 0 0 0 0 0 0 0 0 0 0 0 0 0 0 0 0 0 0 -0.000152588 -0.000564575 -0.00215149 -0.00471497 -0.0100708 -0.0157013 -0.0234833 -0.0275269 -0.0308228 -0.0275269 -0.0234833 -0.0157013 -0.0100708 -0.00471497 -0.00215149 -0.000564575 -0.000152588 0 0 0 0 0 0 0 0 0 0 0 0 0 0 0 0 0 0 
0 0 0 0 0 0 0 0 0 0 0 0 0 0 0 0 0 0 0 0 0 0 0 0 0 0 0 0 0 0 0 0 0 0 0 0 0 0 0 0 0 0 0 0 0 0 0 0 0 0 0 0 0 0 0 0 0 0 0 0 0 0 0 0 0 0 -0.000152588 -0.000564575 -0.00215149 -0.00471497 -0.0100708 -0.0157013 -0.0234833 -0.0275269 -0.0308228 -0.0275269 -0.0234833 -0.0157013 -0.0100708 -0.00471497 -0.00215149 -0.000564575 -0.000152588 0 0 0 0 0 0 0 0 0 0 0 0 0 0 0 0 0 
0 0 0 0 0 0 0 0 0 0 0 0 0 0 0 0 0 0 0 0 0 0 0 0 0 0 0 0 0 0 0 0 0 0 0 0 0 0 0 0 0 0 0 0 0 0 0 0 0 0 0 0 0 0 0 0 0 0 0 0 0 0 0 0 0 0 0 -0.000152588 -0.000564575 -0.00215149 -0.00471497 -0.0100708 -0.0157013 -0.0234833 -0.0275269 -0.0308228 -0.0275269 -0.0234833 -0.0157013 -0.0100708 -0.00471497 -0.00215149 -0.000564575 -0.000152588 0 0 0 0 0 0 0 0 0 0 0 0 0 0 0 0 
0 0 0 0 0 0 0 0 0 0 0 0 0 0 0 0 0 0 0 0 0 0 0 0 0 0 0 0 0 0 0 0 0 0 0 0 0 0 0 0 0 0 0 0 0 0 0 0 0 0 0 0 0 0 0 0 0 0 0 0 0 0 0 0 0 0 0 0 -0.000152588 -0.000564575 -0.00215149 -0.00471497 -0.0100708 -0.0157013 -0.0234833 -0.0275269 -0.0308228 -0.0275269 -0.0234833 -0.0157013 -0.0100708 -0.00471497 -0.00215149 -0.000564575 -0.000152588 0 0 0 0 0 0 0 0 0 0 0 0 0 0 0 
0 0 0 0 0 0 0 0 0 0 0 0 0 0 0 0 0 0 0 0 0 0 0 0 0 0 0 0 0 0 0 0 0 0 0 0 0 0 0 0 0 0 0 0 0 0 0 0 0 0 0 0 0 0 0 0 0 0 0 0 0 0 0 0 0 0 0 0 0 -0.000152588 -0.000564575 -0.00215149 -0.00471497 -0.0100708 -0.0157013 -0.0234833 -0.0275269 -0.0308228 -0.0275269 -0.0234833 -0.0157013 -0.0100708 -0.00471497 -0.00215149 -0.000564575 -0.000152588 0 0 0 0 0 0 0 0 0 0 0 0 0 0 
0 0 0 0 0 0 0 0 0 0 0 0 0 0 0 0 0 0 0 0 0 0 0 0 0 0 0 0 0 0 0 0 0 0 0 0 0 0 0 0 0 0 0 0 0 0 0 0 0 0 0 0 0 0 0 0 0 0 0 0 0 0 0 0 0 0 0 0 0 0 -0.000152588 -0.000564575 -0.00215149 -0.00471497 -0.0100708 -0.0157013 -0.0234833 -0.0275269 -0.0308228 -0.0275269 -0.0234833 -0.0157013 -0.0100708 -0.00471497 -0.00215149 -0.000564575 -0.000152588 0 0 0 0 0 0 0 0 0 0 0 0 0 
0 0 0 0 0 0 0 0 0 0 0 0 0 0 0 0 0 0 0 0 0 0 0 0 0 0 0 0 0 0 0 0 0 0 0 0 0 0 0 0 0 0 0 0 0 0 0 0 0 0 0 0 0 0 0 0 0 0 0 0 0 0 0 0 0 0 0 0 0 0 0 -0.000152588 -0.000564575 -0.00215149 -0.00471497 -0.0100708 -0.0157013 -0.0234833 -0.0275269 -0.0308228 -0.0275269 -0.0234833 -0.0157013 -0.0100708 -0.00471497 -0.00215149 -0.000564575 -0.000152588 0 0 0 0 0 0 0 0 0 0 0 0 
0 0 0 0 0 0 0 0 0 0 0 0 0 0 0 0 0 0 0 0 0 0 0 0 0 0 0 0 0 0 0 0 0 0 0 0 0 0 0 0 0 0 0 0 0 0 0 0 0 0 0 0 0 0 0 0 0 0 0 0 0 0 0 0 0 0 0 0 0 0 0 0 -0.000152588 -0.000564575 -0.00215149 -0.00471497 -0.0100708 -0.0157013 -0.0234833 -0.0275269 -0.0308228 -0.0275269 -0.0234833 -0.0157013 -0.0100708 -0.00471497 -0.00215149 -0.000564575 -0.000152588 0 0 0 0 0 0 0 0 0 0 0 
0 0 0 0 0 0 0 0 0 0 0 0 0 0 0 0 0 0 0 0 0 0 0 0 0 0 0 0 0 0 0 0 0 0 0 0 0 0 0 0 0 0 0 0 0 0 0 0 0 0 0 0 0 0 0 0 0 0 0 0 0 0 0 0 0 0 0 0 0 0 0 0 0 -0.000152588 -0.000564575 -0.00215149 -0.00471497 -0.0100708 -0.0157013 -0.0234833 -0.0275269 -0.0308228 -0.0275269 -0.0234833 -0.0157013 -0.0100708 -0.00471497 -0.00215149 -0.000564575 -0.000152588 0 0 0 0 0 0 0 0 0 0 
0 0 0 0 0 0 0 0 0 0 0 0 0 0 0 0 0 0 0 0 0 0 0 0 0 0 0 0 0 0 0 0 0 0 0 0 0 0 0 0 0 0 0 0 0 0 0 0 0 0 0 0 0 0 0 0 0 0 0 0 0 0 0 0 0 0 0 0 0 0 0 0 0 0 -0.000152588 -0.000564575 -0.00215149 -0.00471497 -0.0100708 -0.0157013 -0.0234833 -0.0275269 -0.0308228 -0.0275269 -0.0234833 -0.0157013 -0.0100708 -0.00471497 -0.00215149 -0.000564575 -0.000152588 0 0 0 0 0 0 0 0 0 
0 0 0 0 0 0 0 0 0 0 0 0 0 0 0 0 0 0 0 0 0 0 0 0 0 0 0 0 0 0 0 0 0 0 0 0 0 0 0 0 0 0 0 0 0 0 0 0 0 0 0 0 0 0 0 0 0 0 0 0 0 0 0 0 0 0 0 0 0 0 0 0 0 0 0 -0.000152588 -0.000564575 -0.00215149 -0.00471497 -0.0100708 -0.0157013 -0.0234833 -0.0275269 -0.0308228 -0.0275269 -0.0234833 -0.0157013 -0.0100708 -0.00471497 -0.00215149 -0.000564575 -0.000152588 0 0 0 0 0 0 0 0 
0 0 0 0 0 0 0 0 0 0 0 0 0 0 0 0 0 0 0 0 0 0 0 0 0 0 0 0 0 0 0 0 0 0 0 0 0 0 0 0 0 0 0 0 0 0 0 0 0 0 0 0 0 0 0 0 0 0 0 0 0 0 0 0 0 0 0 0 0 0 0 0 0 0 0 0 -0.000152588 -0.000564575 -0.00215149 -0.00471497 -0.0100708 -0.0157013 -0.0234833 -0.0275269 -0.0308228 -0.0275269 -0.0234833 -0.0157013 -0.0100708 -0.00471497 -0.00215149 -0.000564575 -0.000152588 0 0 0 0 0 0 0 
0 0 0 0 0 0 0 0 0 0 0 0 0 0 0 0 0 0 0 0 0 0 0 0 0 0 0 0 0 0 0 0 0 0 0 0 0 0 0 0 0 0 0 0 0 0 0 0 0 0 0 0 0 0 0 0 0 0 0 0 0 0 0 0 0 0 0 0 0 0 0 0 0 0 0 0 0 -0.000152588 -0.000564575 -0.00215149 -0.00471497 -0.0100708 -0.0157013 -0.0234833 -0.0275269 -0.0308228 -0.0275269 -0.0234833 -0.0157013 -0.0100708 -0.00471497 -0.00215149 -0.000564575 -0.000152588 0 0 0 0 0 0 
0 0 0 0 0 0 0 0 0 0 0 0 0 0 0 0 0 0 0 0 0 0 0 0 0 0 0 0 0 0 0 0 0 0 0 0 0 0 0 0 0 0 0 0 0 0 0 0 0 0 0 0 0 0 0 0 0 0 0 0 0 0 0 0 0 0 0 0 0 0 0 0 0 0 0 0 0 0 -0.000152588 -0.000564575 -0.00215149 -0.00471497 -0.0100708 -0.0157013 -0.0234833 -0.0275269 -0.0308228 -0.0275269 -0.0234833 -0.0157013 -0.0100708 -0.00471497 -0.00215149 -0.000564575 -0.000152588 0 0 0 0 0 
0 0 0 0 0 0 0 0 0 0 0 0 0 0 0 0 0 0 0 0 0 0 0 0 0 0 0 0 0 0 0 0 0 0 0 0 0 0 0 0 0 0 0 0 0 0 0 0 0 0 0 0 0 0 0 0 0 0 0 0 0 0 0 0 0 0 0 0 0 0 0 0 0 0 0 0 0 0 0 -0.000152588 -0.000564575 -0.00215149 -0.00471497 -0.0100708 -0.0157013 -0.0234833 -0.0275269 -0.0308228 -0.0275269 -0.0234833 -0.0157013 -0.0100708 -0.00471497 -0.00215149 -0.000564575 -0.000152588 0 0 0 0 
0 0 0 0 0 0 0 0 0 0 0 0 0 0 0 0 0 0 0 0 0 0 0 0 0 0 0 0 0 0 0 0 0 0 0 0 0 0 0 0 0 0 0 0 0 0 0 0 0 0 0 0 0 0 0 0 0 0 0 0 0 0 0 0 0 0 0 0 0 0 0 0 0 0 0 0 0 0 0 0 -0.000152588 -0.000564575 -0.00215149 -0.00471497 -0.0100708 -0.0157013 -0.0234833 -0.0275269 -0.0308228 -0.0275269 -0.0234833 -0.0157013 -0.0100708 -0.00471497 -0.00215149 -0.000564575 -0.000152588 0 0 0 
0 0 0 0 0 0 0 0 0 0 0 0 0 0 0 0 0 0 0 0 0 0 0 0 0 0 0 0 0 0 0 0 0 0 0 0 0 0 0 0 0 0 0 0 0 0 0 0 0 0 0 0 0 0 0 0 0 0 0 0 0 0 0 0 0 0 0 0 0 0 0 0 0 0 0 0 0 0 0 0 0 -0.000152588 -0.000564575 -0.00215149 -0.00471497 -0.0100708 -0.0157013 -0.0234833 -0.0275269 -0.0308228 -0.0275269 -0.0234833 -0.0157013 -0.0100708 -0.00471497 -0.00215149 -0.000564575 -0.000152588 0 0 
0 0 0 0 0 0 0 0 0 0 0 0 0 0 0 0 0 0 0 0 0 0 0 0 0 0 0 0 0 0 0 0 0 0 0 0 0 0 0 0 0 0 0 0 0 0 0 0 0 0 0 0 0 0 0 0 0 0 0 0 0 0 0 0 0 0 0 0 0 0 0 0 0 0 0 0 0 0 0 0 0 0 -0.000152588 -0.000564575 -0.00215149 -0.00471497 -0.0100708 -0.0157013 -0.0234833 -0.0275269 -0.0308228 -0.0275269 -0.0234833 -0.0157013 -0.0100708 -0.00471497 -0.00215149 -0.000564575 -0.000152588 0 
0 0 0 0 0 0 0 0 0 0 0 0 0 0 0 0 0 0 0 0 0 0 0 0 0 0 0 0 0 0 0 0 0 0 0 0 0 0 0 0 0 0 0 0 0 0 0 0 0 0 0 0 0 0 0 0 0 0 0 0 0 0 0 0 0 0 0 0 0 0 0 0 0 0 0 0 0 0 0 0 0 0 0 -0.000152588 -0.000564575 -0.00215149 -0.00471497 -0.0100708 -0.0157013 -0.0234833 -0.0275269 -0.0308228 -0.0275269 -0.0234833 -0.0157013 -0.0100708 -0.00471497 -0.00215149 -0.000564575 -0.000259399 
0 0 0 0 0 0 0 0 0 0 0 0 0 0 0 0 0 0 0 0 0 0 0 0 0 0 0 0 0 0 0 0 0 0 0 0 0 0 0 0 0 0 0 0 0 0 0 0 0 0 0 0 0 0 0 0 0 0 0 0 0 0 0 0 0 0 0 0 0 0 0 0 0 0 0 0 0 0 0 0 0 0 0 0 -0.000152588 -0.000564575 -0.00215149 -0.00471497 -0.0100708 -0.0157013 -0.0234833 -0.0275269 -0.0308228 -0.0275269 -0.0234833 -0.0157013 -0.0100708 -0.00471497 -0.00224304 -0.00100708 
0 0 0 0 0 0 0 0 0 0 0 0 0 0 0 0 0 0 0 0 0 0 0 0 0 0 0 0 0 0 0 0 0 0 0 0 0 0 0 0 0 0 0 0 0 0 0 0 0 0 0 0 0 0 0 0 0 0 0 0 0 0 0 0 0 0 0 0 0 0 0 0 0 0 0 0 0 0 0 0 0 0 0 0 0 -0.000152588 -0.000564575 -0.00215149 -0.00471497 -0.0100708 -0.0157013 -0.0234833 -0.0275269 -0.0308228 -0.0275269 -0.0234833 -0.0157013 -0.0101624 -0.00511169 -0.00370789 
0 0 0 0 0 0 0 0 0 0 0 0 0 0 0 0 0 0 0 0 0 0 0 0 0 0 0 0 0 0 0 0 0 0 0 0 0 0 0 0 0 0 0 0 0 0 0 0 0 0 0 0 0 0 0 0 0 0 0 0 0 0 0 0 0 0 0 0 0 0 0 0 0 0 0 0 0 0 0 0 0 0 0 0 0 0 -0.000152588 -0.000564575 -0.00215149 -0.00471497 -0.0100708 -0.0157013 -0.0234833 -0.0275269 -0.0308228 -0.0275269 -0.0235596 -0.016037 -0.0114288 -0.00831604 
0 0 0 0 0 0 0 0 0 0 0 0 0 0 0 0 0 0 0 0 0 0 0 0 0 0 0 0 0 0 0 0 0 0 0 0 0 0 0 0 0 0 0 0 0 0 0 0 0 0 0 0 0 0 0 0 0 0 0 0 0 0 0 0 0 0 0 0 0 0 0 0 0 0 0 0 0 0 0 0 0 0 0 0 0 0 0 -0.000152588 -0.000564575 -0.00215149 -0.00471497 -0.0100708 -0.0157013 -0.0234833 -0.0275269 -0.0308838 -0.0278015 -0.0245514 -0.018631 -0.0168915 
0 0 0 0 0 0 0 0 0 0 0 0 0 0 0 0 0 0 0 0 0 0 0 0 0 0 0 0 0 0 0 0 0 0 0 0 0 0 0 0 0 0 0 0 0 0 0 0 0 0 0 0 0 0 0 0 0 0 0 0 0 0 0 0 0 0 0 0 0 0 0 0 0 0 0 0 0 0 0 0 0 0 0 0 0 0 0 0 -0.000152588 -0.000564575 -0.00215149 -0.00471497 -0.0100708 -0.0157013 -0.0235596 -0.0278015 -0.0317535 -0.0298462 -0.0287476 -0.0260162 
0 0 0 0 0 0 0 0 0 0 0 0 0 0 0 0 0 0 0 0 0 0 0 0 0 0 0 0 0 0 0 0 0 0 0 0 0 0 0 0 0 0 0 0 0 0 0 0 0 0 0 0 0 0 0 0 0 0 0 0 0 0 0 0 0 0 0 0 0 0 0 0 0 0 0 0 0 0 0 0 0 0 0 0 0 0 0 0 0 -0.000152588 -0.000564575 -0.00215149 -0.00471497 -0.0101624 -0.016037 -0.0245514 -0.0298462 -0.0352936 -0.0354919 -0.0364227 
0 0 0 0 0 0 0 0 0 0 0 0 0 0 0 0 0 0 0 0 0 0 0 0 0 0 0 0 0 0 0 0 0 0 0 0 0 0 0 0 0 0 0 0 0 0 0 0 0 0 0 0 0 0 0 0 0 0 0 0 0 0 0 0 0 0 0 0 0 0 0 0 0 0 0 0 0 0 0 0 0 0 0 0 0 0 0 0 0 0 -0.000152588 -0.000564575 -0.00224304 -0.00511169 -0.0114288 -0.018631 -0.0287476 -0.0354919 -0.041626 -0.0422668 
0 0 0 0 0 0 0 0 0 0 0 0 0 0 0 0 0 0 0 0 0 0 0 0 0 0 0 0 0 0 0 0 0 0 0 0 0 0 0 0 0 0 0 0 0 0 0 0 0 0 0 0 0 0 0 0 0 0 0 0 0 0 0 0 0 0 0 0 0 0 0 0 0 0 0 0 0 0 0 0 0 0 0 0 0 0 0 0 0 0 0 -0.000259399 -0.00100708 -0.00370789 -0.00831604 -0.0168915 -0.0260162 -0.0364227 -0.0422668 -0.0455933 
